  Domain:                                    (0, 1) x (0, 1)        
  Root mesh:                                 3 x 3        
  Number of root cells:                      9        
  Number of active cells:                    36        
[1, 1, 1, 0, 1, 0, 1, 0, 0, 1, 0, 0, 1, 0, 0, 1, 0, 1, 0, 0, 0, 0, 0, 0, 0, 1, 0, 0, 1, 0, 0, 1, 0, 0, 1, 0, 0, 0, 0, 0, 0, 0, 0, 0, 0, 1, 0, 0, 1, 0, 0, 1, 1, 1, 1, 0, 0, 0, 0, 0, 0, 1, 1, 0, 0, 1, 0, 1, 0, 0, 0, 0, 0, 0, 0, 1, 0, 1, 0, 0, 0, 0, 0, 0, 0, 0, 0, 0, 0, 0, 0, 0, 0, 0, 0, 0, 0, 0, 0, 0, 0, 0, 0, 0, 0, 1, 1, 0, 0, 0, 0, 0, 0, 1, 1, 0, 0, 1, 0, 1, 0, 0, 0, 0, 0, 0, 0, 1, 1, 1, 0, 1, 0, 1, 0, 1, 0, 0, 0, 0, 0, 0, 0, 0, 0, 1, 0, 1, 0, 1, 0, 1, 0, 0, 0, 0, 0, 1, 1, 0, 0, 1, 0, 1, 0, 1, 1, 1, 0]
generalized eigenvalues for AEx = Ax, i.e. eigenvalues of error propagation E in A-induced inner product:
(NOTE From left to right means from high- to low-frequency modes)
[-3.2000e-01, -3.2000e-01, -3.2000e-01, -3.2000e-01, -3.2000e-01, -3.2000e-01, -3.2000e-01, -3.2000e-01, -3.2000e-01, -3.2000e-01, -3.2000e-01, -3.2000e-01, -3.2000e-01, -3.2000e-01, -3.2000e-01, -3.2000e-01, 1.8963e-01, 1.9007e-01, 2.1029e-01, 2.1029e-01, 2.2003e-01, 2.2003e-01, 2.2659e-01, 2.3234e-01, 2.3342e-01, 2.4486e-01, 2.5274e-01, 2.5473e-01, 2.5473e-01, 2.6010e-01, 2.6310e-01, 2.6310e-01, 2.6599e-01, 2.6771e-01, 2.6771e-01, 2.7306e-01, 2.8313e-01, 2.8348e-01, 2.8348e-01, 2.8557e-01, 3.1602e-01, 3.4000e-01, 3.4000e-01, 3.4000e-01, 3.4000e-01, 3.4000e-01, 3.4000e-01, 3.4000e-01, 3.4000e-01, 3.4000e-01, 3.4000e-01, 3.4000e-01, 3.4000e-01, 3.4000e-01, 3.4000e-01, 3.4000e-01, 3.4000e-01, 3.5808e-01, 3.5808e-01, 4.0222e-01, 4.0331e-01, 4.0948e-01, 4.3541e-01, 4.3541e-01, 4.6697e-01, 4.6697e-01, 5.0814e-01, 5.0867e-01, 5.3441e-01, 5.4904e-01, 5.6327e-01, 5.6327e-01, 5.8040e-01, 5.8040e-01, 5.8425e-01, 5.8707e-01, 5.8838e-01, 6.1013e-01, 6.1013e-01, 6.1937e-01, 6.1937e-01, 6.2705e-01, 6.2998e-01, 6.3045e-01, 6.3938e-01, 6.4071e-01, 6.4179e-01, 6.4179e-01, 6.4733e-01, 6.4738e-01, 6.4894e-01, 6.4894e-01, 6.6301e-01, 6.6324e-01, 6.7000e-01, 6.7000e-01, 6.7000e-01, 6.7000e-01, 6.7000e-01, 6.7013e-01, 6.7013e-01, 6.7020e-01, 6.7021e-01, 6.8047e-01, 6.8047e-01, 6.9119e-01, 6.9119e-01, 6.9614e-01, 6.9804e-01, 7.0517e-01, 7.0835e-01, 7.1922e-01, 7.1922e-01, 7.2599e-01, 7.2599e-01, 7.7016e-01, 7.7060e-01, 7.9717e-01, 8.5930e-01, 8.5930e-01, 9.3693e-01]

visualize generalized eigenvectors Q...
visualize A-mapped eigenvectors AQ...
