# This file was generated by the deal.II library.
# Date =  2020/4/29
# Time =  23:43:07
#
# For a description of the GNUPLOT format see the GNUPLOT manual.
#
# <x> <EF_L_wrt_M_7> 
0 0 
0.00125 -0.0350941 
0.0025 -0.0721936 
0.00375 -0.111082 
0.005 -0.151551 
0.00625 -0.1934 
0.0075 -0.236436 
0.00875 -0.280475 
0.01 -0.325339 
0.01125 -0.370858 
0.0125 -0.416869 
0.01375 -0.463216 
0.015 -0.50975 
0.01625 -0.556328 
0.0175 -0.602816 
0.01875 -0.649083 
0.02 -0.695007 
0.02125 -0.74047 
0.0225 -0.785361 
0.02375 -0.829576 
0.025 -0.873015 
0.02625 -0.915583 
0.0275 -0.957192 
0.02875 -0.99776 
0.03 -1.03721 
0.03125 -1.07546 
0.0325 -1.11245 
0.03375 -1.14812 
0.035 -1.18241 
0.03625 -1.21525 
0.0375 -1.24661 
0.03875 -1.27644 
0.04 -1.30469 
0.04125 -1.33133 
0.0425 -1.35632 
0.04375 -1.37963 
0.045 -1.40124 
0.04625 -1.42113 
0.0475 -1.43928 
0.04875 -1.45566 
0.05 -1.47028 
0.05125 -1.48311 
0.0525 -1.49415 
0.05375 -1.5034 
0.055 -1.51086 
0.05625 -1.51653 
0.0575 -1.52042 
0.05875 -1.52253 
0.06 -1.52287 
0.06125 -1.52146 
0.0625 -1.5183 
0.06375 -1.51342 
0.065 -1.50683 
0.06625 -1.49856 
0.0675 -1.48863 
0.06875 -1.47706 
0.07 -1.46387 
0.07125 -1.4491 
0.0725 -1.43278 
0.07375 -1.41493 
0.075 -1.39559 
0.07625 -1.37479 
0.0775 -1.35257 
0.07875 -1.32896 
0.08 -1.304 
0.08125 -1.27773 
0.0825 -1.25019 
0.08375 -1.22142 
0.085 -1.19146 
0.08625 -1.16034 
0.0875 -1.12813 
0.08875 -1.09485 
0.09 -1.06055 
0.09125 -1.02528 
0.0925 -0.989077 
0.09375 -0.951993 
0.095 -0.914073 
0.09625 -0.875361 
0.0975 -0.835905 
0.09875 -0.795751 
0.1 -0.754946 
0.10125 -0.713538 
0.1025 -0.671573 
0.10375 -0.629098 
0.105 -0.586161 
0.10625 -0.542809 
0.1075 -0.499088 
0.10875 -0.455046 
0.11 -0.410729 
0.11125 -0.366184 
0.1125 -0.321456 
0.11375 -0.276592 
0.115 -0.231637 
0.11625 -0.186636 
0.1175 -0.141634 
0.11875 -0.0966749 
0.12 -0.0518031 
0.12125 -0.00706144 
0.1225 0.0375072 
0.12375 0.0818608 
0.125 0.125958 
0.12625 0.169757 
0.1275 0.213218 
0.12875 0.256302 
0.13 0.298969 
0.13125 0.341182 
0.1325 0.382903 
0.13375 0.424095 
0.135 0.464722 
0.13625 0.50475 
0.1375 0.544144 
0.13875 0.582871 
0.14 0.620898 
0.14125 0.658194 
0.1425 0.694728 
0.14375 0.730471 
0.145 0.765393 
0.14625 0.799466 
0.1475 0.832663 
0.14875 0.86496 
0.15 0.896329 
0.15125 0.926748 
0.1525 0.956194 
0.15375 0.984643 
0.155 1.01208 
0.15625 1.03847 
0.1575 1.06381 
0.15875 1.08808 
0.16 1.11126 
0.16125 1.13333 
0.1625 1.15427 
0.16375 1.17409 
0.165 1.19275 
0.16625 1.21026 
0.1675 1.22659 
0.16875 1.24174 
0.17 1.25571 
0.17125 1.26848 
0.1725 1.28004 
0.17375 1.2904 
0.175 1.29954 
0.17625 1.30747 
0.1775 1.31418 
0.17875 1.31967 
0.18 1.32394 
0.18125 1.32699 
0.1825 1.32882 
0.18375 1.32943 
0.185 1.32883 
0.18625 1.32702 
0.1875 1.32401 
0.18875 1.31981 
0.19 1.31441 
0.19125 1.30784 
0.1925 1.30009 
0.19375 1.29118 
0.195 1.28113 
0.19625 1.26993 
0.1975 1.25761 
0.19875 1.24418 
0.2 1.22965 
0.20125 1.21403 
0.2025 1.19736 
0.20375 1.17963 
0.205 1.16087 
0.20625 1.1411 
0.2075 1.12033 
0.20875 1.09859 
0.21 1.0759 
0.21125 1.05227 
0.2125 1.02774 
0.21375 1.00232 
0.215 0.976028 
0.21625 0.948901 
0.2175 0.920959 
0.21875 0.892226 
0.22 0.862727 
0.22125 0.832491 
0.2225 0.801542 
0.22375 0.769909 
0.225 0.737619 
0.22625 0.7047 
0.2275 0.671181 
0.22875 0.637092 
0.23 0.602461 
0.23125 0.567318 
0.2325 0.531694 
0.23375 0.495619 
0.235 0.459124 
0.23625 0.42224 
0.2375 0.384999 
0.23875 0.347432 
0.24 0.309572 
0.24125 0.27145 
0.2425 0.233098 
0.24375 0.19455 
0.245 0.155837 
0.24625 0.116993 
0.2475 0.0780503 
0.24875 0.0390416 
0.25 -1.7486e-15 
0.25125 -0.0390416 
0.2525 -0.0780503 
0.25375 -0.116993 
0.255 -0.155837 
0.25625 -0.19455 
0.2575 -0.233098 
0.25875 -0.27145 
0.26 -0.309572 
0.26125 -0.347432 
0.2625 -0.384999 
0.26375 -0.42224 
0.265 -0.459124 
0.26625 -0.495619 
0.2675 -0.531694 
0.26875 -0.567318 
0.27 -0.602461 
0.27125 -0.637092 
0.2725 -0.671181 
0.27375 -0.7047 
0.275 -0.737619 
0.27625 -0.769909 
0.2775 -0.801542 
0.27875 -0.832491 
0.28 -0.862727 
0.28125 -0.892226 
0.2825 -0.920959 
0.28375 -0.948901 
0.285 -0.976028 
0.28625 -1.00232 
0.2875 -1.02774 
0.28875 -1.05227 
0.29 -1.0759 
0.29125 -1.09859 
0.2925 -1.12033 
0.29375 -1.1411 
0.295 -1.16087 
0.29625 -1.17963 
0.2975 -1.19736 
0.29875 -1.21403 
0.3 -1.22965 
0.30125 -1.24418 
0.3025 -1.25761 
0.30375 -1.26993 
0.305 -1.28113 
0.30625 -1.29118 
0.3075 -1.30009 
0.30875 -1.30784 
0.31 -1.31441 
0.31125 -1.31981 
0.3125 -1.32401 
0.31375 -1.32702 
0.315 -1.32883 
0.31625 -1.32943 
0.3175 -1.32882 
0.31875 -1.32699 
0.32 -1.32394 
0.32125 -1.31967 
0.3225 -1.31418 
0.32375 -1.30747 
0.325 -1.29954 
0.32625 -1.2904 
0.3275 -1.28004 
0.32875 -1.26848 
0.33 -1.25571 
0.33125 -1.24174 
0.3325 -1.22659 
0.33375 -1.21026 
0.335 -1.19275 
0.33625 -1.17409 
0.3375 -1.15427 
0.33875 -1.13333 
0.34 -1.11126 
0.34125 -1.08808 
0.3425 -1.06381 
0.34375 -1.03847 
0.345 -1.01208 
0.34625 -0.984643 
0.3475 -0.956194 
0.34875 -0.926748 
0.35 -0.896329 
0.35125 -0.86496 
0.3525 -0.832663 
0.35375 -0.799466 
0.355 -0.765393 
0.35625 -0.730471 
0.3575 -0.694728 
0.35875 -0.658194 
0.36 -0.620898 
0.36125 -0.582871 
0.3625 -0.544144 
0.36375 -0.50475 
0.365 -0.464722 
0.36625 -0.424095 
0.3675 -0.382903 
0.36875 -0.341182 
0.37 -0.298969 
0.37125 -0.256302 
0.3725 -0.213218 
0.37375 -0.169757 
0.375 -0.125958 
0.37625 -0.0818608 
0.3775 -0.0375072 
0.37875 0.00706144 
0.38 0.0518031 
0.38125 0.0966749 
0.3825 0.141634 
0.38375 0.186636 
0.385 0.231637 
0.38625 0.276592 
0.3875 0.321456 
0.38875 0.366184 
0.39 0.410729 
0.39125 0.455046 
0.3925 0.499088 
0.39375 0.542809 
0.395 0.586161 
0.39625 0.629098 
0.3975 0.671573 
0.39875 0.713538 
0.4 0.754946 
0.40125 0.795751 
0.4025 0.835905 
0.40375 0.875361 
0.405 0.914073 
0.40625 0.951993 
0.4075 0.989077 
0.40875 1.02528 
0.41 1.06055 
0.41125 1.09485 
0.4125 1.12813 
0.41375 1.16034 
0.415 1.19146 
0.41625 1.22142 
0.4175 1.25019 
0.41875 1.27773 
0.42 1.304 
0.42125 1.32896 
0.4225 1.35257 
0.42375 1.37479 
0.425 1.39559 
0.42625 1.41493 
0.4275 1.43278 
0.42875 1.4491 
0.43 1.46387 
0.43125 1.47706 
0.4325 1.48863 
0.43375 1.49856 
0.435 1.50683 
0.43625 1.51342 
0.4375 1.5183 
0.43875 1.52146 
0.44 1.52287 
0.44125 1.52253 
0.4425 1.52042 
0.44375 1.51653 
0.445 1.51086 
0.44625 1.5034 
0.4475 1.49415 
0.44875 1.48311 
0.45 1.47028 
0.45125 1.45566 
0.4525 1.43928 
0.45375 1.42113 
0.455 1.40124 
0.45625 1.37963 
0.4575 1.35632 
0.45875 1.33133 
0.46 1.30469 
0.46125 1.27644 
0.4625 1.24661 
0.46375 1.21525 
0.465 1.18241 
0.46625 1.14812 
0.4675 1.11245 
0.46875 1.07546 
0.47 1.03721 
0.47125 0.99776 
0.4725 0.957192 
0.47375 0.915583 
0.475 0.873015 
0.47625 0.829576 
0.4775 0.785361 
0.47875 0.74047 
0.48 0.695007 
0.48125 0.649083 
0.4825 0.602816 
0.48375 0.556328 
0.485 0.50975 
0.48625 0.463216 
0.4875 0.416869 
0.48875 0.370858 
0.49 0.325339 
0.49125 0.280475 
0.4925 0.236436 
0.49375 0.1934 
0.495 0.151551 
0.49625 0.111082 
0.4975 0.0721936 
0.49875 0.0350941 
0.5 5.304e-16 


0.5 5.304e-16 
0.50125 -0.0350941 
0.5025 -0.0721936 
0.50375 -0.111082 
0.505 -0.151551 
0.50625 -0.1934 
0.5075 -0.236436 
0.50875 -0.280475 
0.51 -0.325339 
0.51125 -0.370858 
0.5125 -0.416869 
0.51375 -0.463216 
0.515 -0.50975 
0.51625 -0.556328 
0.5175 -0.602816 
0.51875 -0.649083 
0.52 -0.695007 
0.52125 -0.74047 
0.5225 -0.785361 
0.52375 -0.829576 
0.525 -0.873015 
0.52625 -0.915583 
0.5275 -0.957192 
0.52875 -0.99776 
0.53 -1.03721 
0.53125 -1.07546 
0.5325 -1.11245 
0.53375 -1.14812 
0.535 -1.18241 
0.53625 -1.21525 
0.5375 -1.24661 
0.53875 -1.27644 
0.54 -1.30469 
0.54125 -1.33133 
0.5425 -1.35632 
0.54375 -1.37963 
0.545 -1.40124 
0.54625 -1.42113 
0.5475 -1.43928 
0.54875 -1.45566 
0.55 -1.47028 
0.55125 -1.48311 
0.5525 -1.49415 
0.55375 -1.5034 
0.555 -1.51086 
0.55625 -1.51653 
0.5575 -1.52042 
0.55875 -1.52253 
0.56 -1.52287 
0.56125 -1.52146 
0.5625 -1.5183 
0.56375 -1.51342 
0.565 -1.50683 
0.56625 -1.49856 
0.5675 -1.48863 
0.56875 -1.47706 
0.57 -1.46387 
0.57125 -1.4491 
0.5725 -1.43278 
0.57375 -1.41493 
0.575 -1.39559 
0.57625 -1.37479 
0.5775 -1.35257 
0.57875 -1.32896 
0.58 -1.304 
0.58125 -1.27773 
0.5825 -1.25019 
0.58375 -1.22142 
0.585 -1.19146 
0.58625 -1.16034 
0.5875 -1.12813 
0.58875 -1.09485 
0.59 -1.06055 
0.59125 -1.02528 
0.5925 -0.989077 
0.59375 -0.951993 
0.595 -0.914073 
0.59625 -0.875361 
0.5975 -0.835905 
0.59875 -0.795751 
0.6 -0.754946 
0.60125 -0.713538 
0.6025 -0.671573 
0.60375 -0.629098 
0.605 -0.586161 
0.60625 -0.542809 
0.6075 -0.499088 
0.60875 -0.455046 
0.61 -0.410729 
0.61125 -0.366184 
0.6125 -0.321456 
0.61375 -0.276592 
0.615 -0.231637 
0.61625 -0.186636 
0.6175 -0.141634 
0.61875 -0.0966749 
0.62 -0.0518031 
0.62125 -0.00706144 
0.6225 0.0375072 
0.62375 0.0818608 
0.625 0.125958 
0.62625 0.169757 
0.6275 0.213218 
0.62875 0.256302 
0.63 0.298969 
0.63125 0.341182 
0.6325 0.382903 
0.63375 0.424095 
0.635 0.464722 
0.63625 0.50475 
0.6375 0.544144 
0.63875 0.582871 
0.64 0.620898 
0.64125 0.658194 
0.6425 0.694728 
0.64375 0.730471 
0.645 0.765393 
0.64625 0.799466 
0.6475 0.832663 
0.64875 0.86496 
0.65 0.896329 
0.65125 0.926748 
0.6525 0.956194 
0.65375 0.984643 
0.655 1.01208 
0.65625 1.03847 
0.6575 1.06381 
0.65875 1.08808 
0.66 1.11126 
0.66125 1.13333 
0.6625 1.15427 
0.66375 1.17409 
0.665 1.19275 
0.66625 1.21026 
0.6675 1.22659 
0.66875 1.24174 
0.67 1.25571 
0.67125 1.26848 
0.6725 1.28004 
0.67375 1.2904 
0.675 1.29954 
0.67625 1.30747 
0.6775 1.31418 
0.67875 1.31967 
0.68 1.32394 
0.68125 1.32699 
0.6825 1.32882 
0.68375 1.32943 
0.685 1.32883 
0.68625 1.32702 
0.6875 1.32401 
0.68875 1.31981 
0.69 1.31441 
0.69125 1.30784 
0.6925 1.30009 
0.69375 1.29118 
0.695 1.28113 
0.69625 1.26993 
0.6975 1.25761 
0.69875 1.24418 
0.7 1.22965 
0.70125 1.21403 
0.7025 1.19736 
0.70375 1.17963 
0.705 1.16087 
0.70625 1.1411 
0.7075 1.12033 
0.70875 1.09859 
0.71 1.0759 
0.71125 1.05227 
0.7125 1.02774 
0.71375 1.00232 
0.715 0.976028 
0.71625 0.948901 
0.7175 0.920959 
0.71875 0.892226 
0.72 0.862727 
0.72125 0.832491 
0.7225 0.801542 
0.72375 0.769909 
0.725 0.737619 
0.72625 0.7047 
0.7275 0.671181 
0.72875 0.637092 
0.73 0.602461 
0.73125 0.567318 
0.7325 0.531694 
0.73375 0.495619 
0.735 0.459124 
0.73625 0.42224 
0.7375 0.384999 
0.73875 0.347432 
0.74 0.309572 
0.74125 0.27145 
0.7425 0.233098 
0.74375 0.19455 
0.745 0.155837 
0.74625 0.116993 
0.7475 0.0780503 
0.74875 0.0390416 
0.75 -3.64986e-15 
0.75125 -0.0390416 
0.7525 -0.0780503 
0.75375 -0.116993 
0.755 -0.155837 
0.75625 -0.19455 
0.7575 -0.233098 
0.75875 -0.27145 
0.76 -0.309572 
0.76125 -0.347432 
0.7625 -0.384999 
0.76375 -0.42224 
0.765 -0.459124 
0.76625 -0.495619 
0.7675 -0.531694 
0.76875 -0.567318 
0.77 -0.602461 
0.77125 -0.637092 
0.7725 -0.671181 
0.77375 -0.7047 
0.775 -0.737619 
0.77625 -0.769909 
0.7775 -0.801542 
0.77875 -0.832491 
0.78 -0.862727 
0.78125 -0.892226 
0.7825 -0.920959 
0.78375 -0.948901 
0.785 -0.976028 
0.78625 -1.00232 
0.7875 -1.02774 
0.78875 -1.05227 
0.79 -1.0759 
0.79125 -1.09859 
0.7925 -1.12033 
0.79375 -1.1411 
0.795 -1.16087 
0.79625 -1.17963 
0.7975 -1.19736 
0.79875 -1.21403 
0.8 -1.22965 
0.80125 -1.24418 
0.8025 -1.25761 
0.80375 -1.26993 
0.805 -1.28113 
0.80625 -1.29118 
0.8075 -1.30009 
0.80875 -1.30784 
0.81 -1.31441 
0.81125 -1.31981 
0.8125 -1.32401 
0.81375 -1.32702 
0.815 -1.32883 
0.81625 -1.32943 
0.8175 -1.32882 
0.81875 -1.32699 
0.82 -1.32394 
0.82125 -1.31967 
0.8225 -1.31418 
0.82375 -1.30747 
0.825 -1.29954 
0.82625 -1.2904 
0.8275 -1.28004 
0.82875 -1.26848 
0.83 -1.25571 
0.83125 -1.24174 
0.8325 -1.22659 
0.83375 -1.21026 
0.835 -1.19275 
0.83625 -1.17409 
0.8375 -1.15427 
0.83875 -1.13333 
0.84 -1.11126 
0.84125 -1.08808 
0.8425 -1.06381 
0.84375 -1.03847 
0.845 -1.01208 
0.84625 -0.984643 
0.8475 -0.956194 
0.84875 -0.926748 
0.85 -0.896329 
0.85125 -0.86496 
0.8525 -0.832663 
0.85375 -0.799466 
0.855 -0.765393 
0.85625 -0.730471 
0.8575 -0.694728 
0.85875 -0.658194 
0.86 -0.620898 
0.86125 -0.582871 
0.8625 -0.544144 
0.86375 -0.50475 
0.865 -0.464722 
0.86625 -0.424095 
0.8675 -0.382903 
0.86875 -0.341182 
0.87 -0.298969 
0.87125 -0.256302 
0.8725 -0.213218 
0.87375 -0.169757 
0.875 -0.125958 
0.87625 -0.0818608 
0.8775 -0.0375072 
0.87875 0.00706144 
0.88 0.0518031 
0.88125 0.0966749 
0.8825 0.141634 
0.88375 0.186636 
0.885 0.231637 
0.88625 0.276592 
0.8875 0.321456 
0.88875 0.366184 
0.89 0.410729 
0.89125 0.455046 
0.8925 0.499088 
0.89375 0.542809 
0.895 0.586161 
0.89625 0.629098 
0.8975 0.671573 
0.89875 0.713538 
0.9 0.754946 
0.90125 0.795751 
0.9025 0.835905 
0.90375 0.875361 
0.905 0.914073 
0.90625 0.951993 
0.9075 0.989077 
0.90875 1.02528 
0.91 1.06055 
0.91125 1.09485 
0.9125 1.12813 
0.91375 1.16034 
0.915 1.19146 
0.91625 1.22142 
0.9175 1.25019 
0.91875 1.27773 
0.92 1.304 
0.92125 1.32896 
0.9225 1.35257 
0.92375 1.37479 
0.925 1.39559 
0.92625 1.41493 
0.9275 1.43278 
0.92875 1.4491 
0.93 1.46387 
0.93125 1.47706 
0.9325 1.48863 
0.93375 1.49856 
0.935 1.50683 
0.93625 1.51342 
0.9375 1.5183 
0.93875 1.52146 
0.94 1.52287 
0.94125 1.52253 
0.9425 1.52042 
0.94375 1.51653 
0.945 1.51086 
0.94625 1.5034 
0.9475 1.49415 
0.94875 1.48311 
0.95 1.47028 
0.95125 1.45566 
0.9525 1.43928 
0.95375 1.42113 
0.955 1.40124 
0.95625 1.37963 
0.9575 1.35632 
0.95875 1.33133 
0.96 1.30469 
0.96125 1.27644 
0.9625 1.24661 
0.96375 1.21525 
0.965 1.18241 
0.96625 1.14812 
0.9675 1.11245 
0.96875 1.07546 
0.97 1.03721 
0.97125 0.99776 
0.9725 0.957192 
0.97375 0.915583 
0.975 0.873015 
0.97625 0.829576 
0.9775 0.785361 
0.97875 0.74047 
0.98 0.695007 
0.98125 0.649083 
0.9825 0.602816 
0.98375 0.556328 
0.985 0.50975 
0.98625 0.463216 
0.9875 0.416869 
0.98875 0.370858 
0.99 0.325339 
0.99125 0.280475 
0.9925 0.236436 
0.99375 0.1934 
0.995 0.151551 
0.99625 0.111082 
0.9975 0.0721936 
0.99875 0.0350941 
1 0 


