# This file was generated by the deal.II library.
# Date =  2020/4/29
# Time =  23:43:07
#
# For a description of the GNUPLOT format see the GNUPLOT manual.
#
# <x> <phi_12> 
0 0 
0.00125 0 
0.0025 0 
0.00375 0 
0.005 0 
0.00625 0 
0.0075 0 
0.00875 0 
0.01 0 
0.01125 0 
0.0125 0 
0.01375 0 
0.015 0 
0.01625 0 
0.0175 0 
0.01875 0 
0.02 0 
0.02125 0 
0.0225 0 
0.02375 0 
0.025 0 
0.02625 0 
0.0275 0 
0.02875 0 
0.03 0 
0.03125 0 
0.0325 0 
0.03375 0 
0.035 0 
0.03625 0 
0.0375 0 
0.03875 0 
0.04 0 
0.04125 0 
0.0425 0 
0.04375 0 
0.045 0 
0.04625 0 
0.0475 0 
0.04875 0 
0.05 0 
0.05125 0 
0.0525 0 
0.05375 0 
0.055 0 
0.05625 0 
0.0575 0 
0.05875 0 
0.06 0 
0.06125 0 
0.0625 0 
0.06375 0 
0.065 0 
0.06625 0 
0.0675 0 
0.06875 0 
0.07 0 
0.07125 0 
0.0725 0 
0.07375 0 
0.075 0 
0.07625 0 
0.0775 0 
0.07875 0 
0.08 0 
0.08125 0 
0.0825 0 
0.08375 0 
0.085 0 
0.08625 0 
0.0875 0 
0.08875 0 
0.09 0 
0.09125 0 
0.0925 0 
0.09375 0 
0.095 0 
0.09625 0 
0.0975 0 
0.09875 0 
0.1 0 
0.10125 0 
0.1025 0 
0.10375 0 
0.105 0 
0.10625 0 
0.1075 0 
0.10875 0 
0.11 0 
0.11125 0 
0.1125 0 
0.11375 0 
0.115 0 
0.11625 0 
0.1175 0 
0.11875 0 
0.12 0 
0.12125 0 
0.1225 0 
0.12375 0 
0.125 0 
0.12625 0 
0.1275 0 
0.12875 0 
0.13 0 
0.13125 0 
0.1325 0 
0.13375 0 
0.135 0 
0.13625 0 
0.1375 0 
0.13875 0 
0.14 0 
0.14125 0 
0.1425 0 
0.14375 0 
0.145 0 
0.14625 0 
0.1475 0 
0.14875 0 
0.15 0 
0.15125 0 
0.1525 0 
0.15375 0 
0.155 0 
0.15625 0 
0.1575 0 
0.15875 0 
0.16 0 
0.16125 0 
0.1625 0 
0.16375 0 
0.165 0 
0.16625 0 
0.1675 0 
0.16875 0 
0.17 0 
0.17125 0 
0.1725 0 
0.17375 0 
0.175 0 
0.17625 0 
0.1775 0 
0.17875 0 
0.18 0 
0.18125 0 
0.1825 0 
0.18375 0 
0.185 0 
0.18625 0 
0.1875 0 
0.18875 0 
0.19 0 
0.19125 0 
0.1925 0 
0.19375 0 
0.195 0 
0.19625 0 
0.1975 0 
0.19875 0 
0.2 0 
0.20125 0 
0.2025 0 
0.20375 0 
0.205 0 
0.20625 0 
0.2075 0 
0.20875 0 
0.21 0 
0.21125 0 
0.2125 0 
0.21375 0 
0.215 0 
0.21625 0 
0.2175 0 
0.21875 0 
0.22 0 
0.22125 0 
0.2225 0 
0.22375 0 
0.225 0 
0.22625 0 
0.2275 0 
0.22875 0 
0.23 0 
0.23125 0 
0.2325 0 
0.23375 0 
0.235 0 
0.23625 0 
0.2375 0 
0.23875 0 
0.24 0 
0.24125 0 
0.2425 0 
0.24375 0 
0.245 0 
0.24625 0 
0.2475 0 
0.24875 0 
0.25 0 
0.25125 0 
0.2525 0 
0.25375 0 
0.255 0 
0.25625 0 
0.2575 0 
0.25875 0 
0.26 0 
0.26125 0 
0.2625 0 
0.26375 0 
0.265 0 
0.26625 0 
0.2675 0 
0.26875 0 
0.27 0 
0.27125 0 
0.2725 0 
0.27375 0 
0.275 0 
0.27625 0 
0.2775 0 
0.27875 0 
0.28 0 
0.28125 0 
0.2825 0 
0.28375 0 
0.285 0 
0.28625 0 
0.2875 0 
0.28875 0 
0.29 0 
0.29125 0 
0.2925 0 
0.29375 0 
0.295 0 
0.29625 0 
0.2975 0 
0.29875 0 
0.3 0 
0.30125 0 
0.3025 0 
0.30375 0 
0.305 0 
0.30625 0 
0.3075 0 
0.30875 0 
0.31 0 
0.31125 0 
0.3125 0 
0.31375 0 
0.315 0 
0.31625 0 
0.3175 0 
0.31875 0 
0.32 0 
0.32125 0 
0.3225 0 
0.32375 0 
0.325 0 
0.32625 0 
0.3275 0 
0.32875 0 
0.33 0 
0.33125 0 
0.3325 0 
0.33375 0 
0.335 0 
0.33625 0 
0.3375 0 
0.33875 0 
0.34 0 
0.34125 0 
0.3425 0 
0.34375 0 
0.345 0 
0.34625 0 
0.3475 0 
0.34875 0 
0.35 0 
0.35125 0 
0.3525 0 
0.35375 0 
0.355 0 
0.35625 0 
0.3575 0 
0.35875 0 
0.36 0 
0.36125 0 
0.3625 0 
0.36375 0 
0.365 0 
0.36625 0 
0.3675 0 
0.36875 0 
0.37 0 
0.37125 0 
0.3725 0 
0.37375 0 
0.375 0 
0.37625 0 
0.3775 0 
0.37875 0 
0.38 0 
0.38125 0 
0.3825 0 
0.38375 0 
0.385 0 
0.38625 0 
0.3875 0 
0.38875 0 
0.39 0 
0.39125 0 
0.3925 0 
0.39375 0 
0.395 0 
0.39625 0 
0.3975 0 
0.39875 0 
0.4 0 
0.40125 0 
0.4025 0 
0.40375 0 
0.405 0 
0.40625 0 
0.4075 0 
0.40875 0 
0.41 0 
0.41125 0 
0.4125 0 
0.41375 0 
0.415 0 
0.41625 0 
0.4175 0 
0.41875 0 
0.42 0 
0.42125 0 
0.4225 0 
0.42375 0 
0.425 0 
0.42625 0 
0.4275 0 
0.42875 0 
0.43 0 
0.43125 0 
0.4325 0 
0.43375 0 
0.435 0 
0.43625 0 
0.4375 0 
0.43875 0 
0.44 0 
0.44125 0 
0.4425 0 
0.44375 0 
0.445 0 
0.44625 0 
0.4475 0 
0.44875 0 
0.45 0 
0.45125 0 
0.4525 0 
0.45375 0 
0.455 0 
0.45625 0 
0.4575 0 
0.45875 0 
0.46 0 
0.46125 0 
0.4625 0 
0.46375 0 
0.465 0 
0.46625 0 
0.4675 0 
0.46875 0 
0.47 0 
0.47125 0 
0.4725 0 
0.47375 0 
0.475 0 
0.47625 0 
0.4775 0 
0.47875 0 
0.48 0 
0.48125 0 
0.4825 0 
0.48375 0 
0.485 0 
0.48625 0 
0.4875 0 
0.48875 0 
0.49 0 
0.49125 0 
0.4925 0 
0.49375 0 
0.495 0 
0.49625 0 
0.4975 0 
0.49875 0 
0.5 0 


0.5 0 
0.50125 -0.00606055 
0.5025 -0.0113006 
0.50375 -0.0157714 
0.505 -0.0195227 
0.50625 -0.022602 
0.5075 -0.0250552 
0.50875 -0.0269265 
0.51 -0.0282582 
0.51125 -0.029091 
0.5125 -0.029464 
0.51375 -0.0294146 
0.515 -0.0289788 
0.51625 -0.028191 
0.5175 -0.0270839 
0.51875 -0.0256891 
0.52 -0.0240366 
0.52125 -0.0221549 
0.5225 -0.0200715 
0.52375 -0.0178123 
0.525 -0.0154021 
0.52625 -0.0128643 
0.5275 -0.0102212 
0.52875 -0.00749386 
0.53 -0.00470234 
0.53125 -0.00186547 
0.5325 0.000998969 
0.53375 0.00387423 
0.535 0.00674459 
0.53625 0.0095953 
0.5375 0.0124126 
0.53875 0.0151835 
0.54 0.0178962 
0.54125 0.0205395 
0.5425 0.0231032 
0.54375 0.0255777 
0.545 0.0279546 
0.54625 0.0302257 
0.5475 0.0323841 
0.54875 0.0344231 
0.55 0.0363371 
0.55125 0.0381208 
0.5525 0.0397699 
0.55375 0.0412805 
0.555 0.0426491 
0.55625 0.0438733 
0.5575 0.0449506 
0.55875 0.0458795 
0.56 0.0466588 
0.56125 0.0472878 
0.5625 0.0477663 
0.56375 0.0480945 
0.565 0.0482729 
0.56625 0.0483027 
0.5675 0.0481851 
0.56875 0.0479219 
0.57 0.0475152 
0.57125 0.0469674 
0.5725 0.0462813 
0.57375 0.0454597 
0.575 0.0445059 
0.57625 0.0434236 
0.5775 0.0422163 
0.57875 0.0408882 
0.58 0.0394432 
0.58125 0.037886 
0.5825 0.0362208 
0.58375 0.0344525 
0.585 0.032586 
0.58625 0.0306261 
0.5875 0.028578 
0.58875 0.0264469 
0.59 0.024238 
0.59125 0.0219569 
0.5925 0.0196089 
0.59375 0.0171995 
0.595 0.0147343 
0.59625 0.0122189 
0.5975 0.00965894 
0.59875 0.00706001 
0.6 0.00442778 
0.60125 0.00176787 
0.6025 -0.000914089 
0.60375 -0.0036125 
0.605 -0.00632179 
0.60625 -0.00903643 
0.6075 -0.0117509 
0.60875 -0.0144599 
0.61 -0.017158 
0.61125 -0.0198398 
0.6125 -0.0225003 
0.61375 -0.0251342 
0.615 -0.0277366 
0.61625 -0.0303025 
0.6175 -0.032827 
0.61875 -0.0353055 
0.62 -0.0377334 
0.62125 -0.0401061 
0.6225 -0.0424193 
0.62375 -0.0446687 
0.625 -0.0468504 
0.62625 -0.0489602 
0.6275 -0.0509944 
0.62875 -0.0529493 
0.63 -0.0548215 
0.63125 -0.0566074 
0.6325 -0.0583039 
0.63375 -0.059908 
0.635 -0.0614168 
0.63625 -0.0628275 
0.6375 -0.0641375 
0.63875 -0.0653444 
0.64 -0.0664461 
0.64125 -0.0674404 
0.6425 -0.0683255 
0.64375 -0.0690996 
0.645 -0.0697612 
0.64625 -0.0703089 
0.6475 -0.0707415 
0.64875 -0.071058 
0.65 -0.0712576 
0.65125 -0.0713395 
0.6525 -0.0713033 
0.65375 -0.0711485 
0.655 -0.0708752 
0.65625 -0.0704832 
0.6575 -0.0699729 
0.65875 -0.0693444 
0.66 -0.0685984 
0.66125 -0.0677355 
0.6625 -0.0667567 
0.66375 -0.0656628 
0.665 -0.0644552 
0.66625 -0.0631351 
0.6675 -0.0617041 
0.66875 -0.0601638 
0.67 -0.058516 
0.67125 -0.0567626 
0.6725 -0.0549059 
0.67375 -0.0529479 
0.675 -0.0508912 
0.67625 -0.0487382 
0.6775 -0.0464917 
0.67875 -0.0441543 
0.68 -0.0417291 
0.68125 -0.0392191 
0.6825 -0.0366275 
0.68375 -0.0339575 
0.685 -0.0312125 
0.68625 -0.0283962 
0.6875 -0.025512 
0.68875 -0.0225637 
0.69 -0.0195552 
0.69125 -0.0164902 
0.6925 -0.013373 
0.69375 -0.0102074 
0.695 -0.00699771 
0.69625 -0.00374815 
0.6975 -0.000463025 
0.69875 0.00285329 
0.7 0.00619637 
0.70125 0.00956171 
0.7025 0.0129448 
0.70375 0.016341 
0.705 0.0197456 
0.70625 0.0231541 
0.7075 0.0265618 
0.70875 0.0299638 
0.71 0.0333555 
0.71125 0.036732 
0.7125 0.0400887 
0.71375 0.0434207 
0.715 0.0467232 
0.71625 0.0499915 
0.7175 0.0532208 
0.71875 0.0564063 
0.72 0.0595433 
0.72125 0.0626271 
0.7225 0.065653 
0.72375 0.0686164 
0.725 0.0715127 
0.72625 0.0743373 
0.7275 0.0770858 
0.72875 0.0797535 
0.73 0.0823363 
0.73125 0.0848298 
0.7325 0.0872296 
0.73375 0.0895317 
0.735 0.091732 
0.73625 0.0938265 
0.7375 0.0958112 
0.73875 0.0976824 
0.74 0.0994364 
0.74125 0.101069 
0.7425 0.102578 
0.74375 0.103959 
0.745 0.105209 
0.74625 0.106325 
0.7475 0.107304 
0.74875 0.108144 
0.75 0.10884 
0.75125 0.109391 
0.7525 0.109795 
0.75375 0.110049 
0.755 0.11015 
0.75625 0.110098 
0.7575 0.10989 
0.75875 0.109525 
0.76 0.109001 
0.76125 0.108316 
0.7625 0.107471 
0.76375 0.106463 
0.765 0.105293 
0.76625 0.103959 
0.7675 0.102462 
0.76875 0.1008 
0.77 0.0989754 
0.77125 0.0969868 
0.7725 0.0948352 
0.77375 0.0925211 
0.775 0.0900456 
0.77625 0.0874096 
0.7775 0.0846145 
0.77875 0.0816617 
0.78 0.078553 
0.78125 0.0752904 
0.7825 0.0718761 
0.78375 0.0683123 
0.785 0.0646018 
0.78625 0.0607473 
0.7875 0.056752 
0.78875 0.0526191 
0.79 0.0483522 
0.79125 0.0439549 
0.7925 0.0394312 
0.79375 0.0347854 
0.795 0.0300218 
0.79625 0.0251451 
0.7975 0.0201601 
0.79875 0.015072 
0.8 0.00988611 
0.80125 0.00460788 
0.8025 -0.000756902 
0.80375 -0.00620225 
0.805 -0.011722 
0.80625 -0.0173097 
0.8075 -0.0229587 
0.80875 -0.0286622 
0.81 -0.0344133 
0.81125 -0.0402045 
0.8125 -0.0460286 
0.81375 -0.0518778 
0.815 -0.0577443 
0.81625 -0.06362 
0.8175 -0.0694969 
0.81875 -0.0753664 
0.82 -0.08122 
0.82125 -0.0870489 
0.8225 -0.0928443 
0.82375 -0.098597 
0.825 -0.104298 
0.82625 -0.109937 
0.8275 -0.115506 
0.82875 -0.120994 
0.83 -0.126392 
0.83125 -0.13169 
0.8325 -0.136878 
0.83375 -0.141945 
0.835 -0.146882 
0.83625 -0.151677 
0.8375 -0.156322 
0.83875 -0.160804 
0.84 -0.165114 
0.84125 -0.169241 
0.8425 -0.173174 
0.84375 -0.176902 
0.845 -0.180415 
0.84625 -0.183702 
0.8475 -0.186752 
0.84875 -0.189555 
0.85 -0.1921 
0.85125 -0.194375 
0.8525 -0.196371 
0.85375 -0.198076 
0.855 -0.19948 
0.85625 -0.200573 
0.8575 -0.201345 
0.85875 -0.201784 
0.86 -0.201881 
0.86125 -0.201625 
0.8625 -0.201008 
0.86375 -0.200018 
0.865 -0.198648 
0.86625 -0.196886 
0.8675 -0.194725 
0.86875 -0.192155 
0.87 -0.189167 
0.87125 -0.185754 
0.8725 -0.181907 
0.87375 -0.177618 
0.875 -0.17288 
0.87625 -0.167686 
0.8775 -0.162029 
0.87875 -0.155903 
0.88 -0.149301 
0.88125 -0.142218 
0.8825 -0.134649 
0.88375 -0.126589 
0.885 -0.118035 
0.88625 -0.108982 
0.8875 -0.0994268 
0.88875 -0.0893676 
0.89 -0.0788021 
0.89125 -0.0677288 
0.8925 -0.056147 
0.89375 -0.0440566 
0.895 -0.0314581 
0.89625 -0.0183527 
0.8975 -0.00474253 
0.89875 0.00936982 
0.9 0.0239808 
0.90125 0.039086 
0.9025 0.0546803 
0.90375 0.0707577 
0.905 0.0873113 
0.90625 0.104333 
0.9075 0.121814 
0.90875 0.139745 
0.91 0.158115 
0.91125 0.176912 
0.9125 0.196123 
0.91375 0.215733 
0.915 0.235729 
0.91625 0.256093 
0.9175 0.276807 
0.91875 0.297853 
0.92 0.319212 
0.92125 0.34086 
0.9225 0.362776 
0.92375 0.384935 
0.925 0.407312 
0.92625 0.429879 
0.9275 0.452608 
0.92875 0.475469 
0.93 0.49843 
0.93125 0.521458 
0.9325 0.544517 
0.93375 0.567572 
0.935 0.590582 
0.93625 0.613509 
0.9375 0.636311 
0.93875 0.658942 
0.94 0.681358 
0.94125 0.703511 
0.9425 0.72535 
0.94375 0.746824 
0.945 0.767879 
0.94625 0.788458 
0.9475 0.808505 
0.94875 0.827957 
0.95 0.846752 
0.95125 0.864825 
0.9525 0.882109 
0.95375 0.898534 
0.955 0.914026 
0.95625 0.928512 
0.9575 0.941913 
0.95875 0.95415 
0.96 0.965139 
0.96125 0.974795 
0.9625 0.983029 
0.96375 0.989751 
0.965 0.994866 
0.96625 0.998277 
0.9675 0.999883 
0.96875 0.999582 
0.97 0.997267 
0.97125 0.992829 
0.9725 0.986154 
0.97375 0.977127 
0.975 0.965628 
0.97625 0.951535 
0.9775 0.93472 
0.97875 0.915054 
0.98 0.892404 
0.98125 0.866631 
0.9825 0.837595 
0.98375 0.805151 
0.985 0.769151 
0.98625 0.729441 
0.9875 0.685865 
0.98875 0.638263 
0.99 0.586469 
0.99125 0.530313 
0.9925 0.469624 
0.99375 0.404223 
0.995 0.333927 
0.99625 0.258551 
0.9975 0.177902 
0.99875 0.0917855 
1 0 


