  Domain:                                    (0, 1) x (0, 1)        
  Root mesh:                                 3 x 3        
  Number of root cells:                      9        
  Number of active cells:                    36        

  Number of degrees of freedom:              169        
complex eigenvalues of E:
[(9.9459e-01,0.0000e+00), (9.7698e-01,0.0000e+00), (9.7698e-01,0.0000e+00), (9.5313e-01,0.0000e+00), (9.2699e-01,0.0000e+00), (9.2661e-01,0.0000e+00), (8.9729e-01,0.0000e+00), (8.9729e-01,0.0000e+00), (8.3824e-01,0.0000e+00), (8.3482e-01,0.0000e+00), (8.3482e-01,0.0000e+00), (8.0570e-01,0.0000e+00), (8.0470e-01,0.0000e+00), (7.5300e-01,0.0000e+00), (7.5300e-01,0.0000e+00), (7.5277e-01,0.0000e+00), (7.4856e-01,0.0000e+00), (7.4308e-01,0.0000e+00), (7.4308e-01,0.0000e+00), (7.3566e-01,0.0000e+00), (7.3566e-01,0.0000e+00), (7.3453e-01,0.0000e+00), (7.2850e-01,0.0000e+00), (7.2654e-01,0.0000e+00), (7.2273e-01,0.0000e+00), (7.1780e-01,0.0000e+00), (7.1780e-01,0.0000e+00), (7.1631e-01,0.0000e+00), (7.1597e-01,0.0000e+00), (7.1562e-01,0.0000e+00), (7.1562e-01,0.0000e+00), (7.1134e-01,0.0000e+00), (7.1030e-01,0.0000e+00), (7.1030e-01,0.0000e+00), (7.1011e-01,0.0000e+00), (7.0588e-01,0.0000e+00), (7.0399e-01,0.0000e+00), (7.0399e-01,0.0000e+00), (7.0264e-01,0.0000e+00), (6.7159e-01,0.0000e+00), (6.6150e-01,0.0000e+00), (6.5968e-01,0.0000e+00), (6.3926e-01,0.0000e+00), (6.3926e-01,0.0000e+00), (6.1946e-01,0.0000e+00), (6.1887e-01,0.0000e+00), (6.1887e-01,0.0000e+00), (6.0845e-01,0.0000e+00), (6.0562e-01,0.0000e+00), (5.9961e-01,0.0000e+00), (5.8514e-01,0.0000e+00), (5.8514e-01,0.0000e+00), (5.7780e-01,0.0000e+00), (5.7780e-01,0.0000e+00), (5.7587e-01,0.0000e+00), (5.7101e-01,0.0000e+00), (5.5935e-01,0.0000e+00), (5.5935e-01,0.0000e+00), (5.5813e-01,0.0000e+00), (5.5794e-01,0.0000e+00), (5.5477e-01,0.0000e+00), (5.4818e-01,0.0000e+00), (5.4818e-01,0.0000e+00), (5.4039e-01,0.0000e+00), (5.2029e-01,0.0000e+00), (5.1804e-01,0.0000e+00), (5.0740e-01,0.0000e+00), (5.0740e-01,0.0000e+00), (4.8715e-01,0.0000e+00), (4.4724e-01,0.0000e+00), (4.4378e-01,0.0000e+00), (4.4378e-01,0.0000e+00), (4.4003e-01,0.0000e+00), (4.1927e-01,0.0000e+00), (4.1927e-01,0.0000e+00), (4.0343e-01,0.0000e+00), (3.9462e-01,0.0000e+00), (3.9261e-01,0.0000e+00), (3.9261e-01,0.0000e+00), (3.8943e-01,0.0000e+00), (3.7817e-01,0.0000e+00), (3.6725e-01,0.0000e+00), (3.6465e-01,0.0000e+00), (3.6465e-01,0.0000e+00), (3.6382e-01,0.0000e+00), (3.6204e-01,0.0000e+00), (3.6170e-01,0.0000e+00), (3.6170e-01,0.0000e+00), (3.2719e-01,0.0000e+00), (3.1607e-01,0.0000e+00), (3.1607e-01,0.0000e+00), (2.9948e-01,0.0000e+00), (2.9757e-01,0.0000e+00), (2.8857e-01,0.0000e+00), (2.7908e-01,0.0000e+00), (2.7908e-01,0.0000e+00), (2.7174e-01,0.0000e+00), (2.3627e-01,0.0000e+00), (2.3627e-01,0.0000e+00), (2.1279e-01,0.0000e+00), (2.0812e-01,0.0000e+00), (1.9017e-01,0.0000e+00), (1.9017e-01,0.0000e+00), (1.8173e-01,0.0000e+00), (1.8119e-01,0.0000e+00), (1.1979e-01,0.0000e+00), (3.5015e-03,0.0000e+00), (3.5015e-03,0.0000e+00), (-8.9683e-02,0.0000e+00), (-9.7947e-02,0.0000e+00), (-9.8006e-02,0.0000e+00), (-1.5736e-01,0.0000e+00), (-1.5736e-01,0.0000e+00), (-1.7874e-01,0.0000e+00), (-1.7874e-01,0.0000e+00), (-2.3349e-01,0.0000e+00), (-2.3414e-01,0.0000e+00), (-2.6427e-01,0.0000e+00), (-3.2398e-01,0.0000e+00), (-3.2398e-01,0.0000e+00), (-3.9508e-01,0.0000e+00)]
generalized eigenvalues for AEx = Ax, i.e. eigenvalues of error propagation E in A-induced inner product:
(NOTE From left to right means from high- to low-frequency modes)
[-3.9508e-01, -3.2398e-01, -3.2398e-01, -2.6427e-01, -2.3414e-01, -2.3349e-01, -1.7874e-01, -1.7874e-01, -1.5736e-01, -1.5736e-01, -9.8006e-02, -9.7947e-02, -8.9683e-02, 3.5015e-03, 3.5015e-03, 1.1979e-01, 1.8119e-01, 1.8173e-01, 1.9017e-01, 1.9017e-01, 2.0812e-01, 2.1279e-01, 2.3627e-01, 2.3627e-01, 2.7174e-01, 2.7908e-01, 2.7908e-01, 2.8857e-01, 2.9757e-01, 2.9948e-01, 3.1607e-01, 3.1607e-01, 3.2719e-01, 3.6170e-01, 3.6170e-01, 3.6204e-01, 3.6382e-01, 3.6465e-01, 3.6465e-01, 3.6725e-01, 3.7817e-01, 3.8943e-01, 3.9261e-01, 3.9261e-01, 3.9462e-01, 4.0343e-01, 4.1927e-01, 4.1927e-01, 4.4003e-01, 4.4378e-01, 4.4378e-01, 4.4724e-01, 4.8715e-01, 5.0740e-01, 5.0740e-01, 5.1804e-01, 5.2029e-01, 5.4039e-01, 5.4818e-01, 5.4818e-01, 5.5477e-01, 5.5794e-01, 5.5813e-01, 5.5935e-01, 5.5935e-01, 5.7101e-01, 5.7587e-01, 5.7780e-01, 5.7780e-01, 5.8514e-01, 5.8514e-01, 5.9961e-01, 6.0562e-01, 6.0845e-01, 6.1887e-01, 6.1887e-01, 6.1946e-01, 6.3926e-01, 6.3926e-01, 6.5968e-01, 6.6150e-01, 6.7159e-01, 7.0264e-01, 7.0399e-01, 7.0399e-01, 7.0588e-01, 7.1011e-01, 7.1030e-01, 7.1030e-01, 7.1134e-01, 7.1562e-01, 7.1562e-01, 7.1597e-01, 7.1631e-01, 7.1780e-01, 7.1780e-01, 7.2273e-01, 7.2654e-01, 7.2850e-01, 7.3453e-01, 7.3566e-01, 7.3566e-01, 7.4308e-01, 7.4308e-01, 7.4856e-01, 7.5277e-01, 7.5300e-01, 7.5300e-01, 8.0470e-01, 8.0570e-01, 8.3482e-01, 8.3482e-01, 8.3824e-01, 8.9729e-01, 8.9729e-01, 9.2661e-01, 9.2699e-01, 9.5313e-01, 9.7698e-01, 9.7698e-01, 9.9459e-01]

