  Domain:                                    (0, 1) x (0, 1)        
  Root mesh:                                 3 x 3        
  Number of root cells:                      9        
  Number of active cells:                    36        

  Number of degrees of freedom:              169        
complex eigenvalues of E:
[(9.9229e-01,0.0000e+00), (9.6717e-01,0.0000e+00), (9.6717e-01,0.0000e+00), (9.3316e-01,0.0000e+00), (8.9589e-01,0.0000e+00), (8.9533e-01,0.0000e+00), (8.5353e-01,0.0000e+00), (8.5353e-01,0.0000e+00), (7.6932e-01,0.0000e+00), (7.6444e-01,0.0000e+00), (7.6444e-01,0.0000e+00), (7.2292e-01,0.0000e+00), (7.2149e-01,0.0000e+00), (6.4776e-01,0.0000e+00), (6.4776e-01,0.0000e+00), (6.4743e-01,0.0000e+00), (6.4143e-01,0.0000e+00), (6.3361e-01,0.0000e+00), (6.3361e-01,0.0000e+00), (6.2303e-01,0.0000e+00), (6.2303e-01,0.0000e+00), (6.2143e-01,0.0000e+00), (6.1282e-01,0.0000e+00), (6.1002e-01,0.0000e+00), (6.0460e-01,0.0000e+00), (5.9757e-01,0.0000e+00), (5.9757e-01,0.0000e+00), (5.9544e-01,0.0000e+00), (5.9495e-01,0.0000e+00), (5.9445e-01,0.0000e+00), (5.9445e-01,0.0000e+00), (5.8835e-01,0.0000e+00), (5.8688e-01,0.0000e+00), (5.8688e-01,0.0000e+00), (5.8659e-01,0.0000e+00), (5.8057e-01,0.0000e+00), (5.7787e-01,0.0000e+00), (5.7787e-01,0.0000e+00), (5.7595e-01,0.0000e+00), (5.3167e-01,0.0000e+00), (5.1727e-01,0.0000e+00), (5.1468e-01,0.0000e+00), (4.8556e-01,0.0000e+00), (4.8556e-01,0.0000e+00), (4.5733e-01,0.0000e+00), (4.5649e-01,0.0000e+00), (4.5649e-01,0.0000e+00), (4.4162e-01,0.0000e+00), (4.3760e-01,0.0000e+00), (4.2902e-01,0.0000e+00), (4.0838e-01,1.3597e-16), (4.0838e-01,-1.3597e-16), (3.9792e-01,0.0000e+00), (3.9792e-01,0.0000e+00), (3.9516e-01,0.0000e+00), (3.8824e-01,0.0000e+00), (3.7161e-01,0.0000e+00), (3.7161e-01,0.0000e+00), (3.6987e-01,0.0000e+00), (3.6960e-01,0.0000e+00), (3.6507e-01,0.0000e+00), (3.5568e-01,0.0000e+00), (3.5568e-01,0.0000e+00), (3.4457e-01,0.0000e+00), (3.1590e-01,0.0000e+00), (3.1270e-01,0.0000e+00), (2.9753e-01,0.0000e+00), (2.9753e-01,0.0000e+00), (2.6864e-01,0.0000e+00), (2.1174e-01,0.0000e+00), (2.0680e-01,0.0000e+00), (2.0680e-01,0.0000e+00), (2.0145e-01,0.0000e+00), (1.7185e-01,0.0000e+00), (1.7185e-01,0.0000e+00), (1.4926e-01,0.0000e+00), (1.3669e-01,0.0000e+00), (1.3382e-01,0.0000e+00), (1.3382e-01,0.0000e+00), (1.2929e-01,0.0000e+00), (1.1323e-01,0.0000e+00), (9.7662e-02,0.0000e+00), (9.3955e-02,-7.3434e-17), (9.3955e-02,7.3434e-17), (9.2771e-02,0.0000e+00), (9.0237e-02,0.0000e+00), (8.9750e-02,0.0000e+00), (8.9750e-02,0.0000e+00), (4.0533e-02,0.0000e+00), (2.4682e-02,0.0000e+00), (2.4682e-02,0.0000e+00), (1.0206e-03,0.0000e+00), (-1.7011e-03,0.0000e+00), (-1.4534e-02,0.0000e+00), (-2.8070e-02,0.0000e+00), (-2.8070e-02,0.0000e+00), (-3.8535e-02,0.0000e+00), (-8.9123e-02,0.0000e+00), (-8.9123e-02,0.0000e+00), (-1.2261e-01,0.0000e+00), (-1.2927e-01,0.0000e+00), (-1.5486e-01,0.0000e+00), (-1.5486e-01,0.0000e+00), (-1.6690e-01,0.0000e+00), (-1.6767e-01,0.0000e+00), (-2.5522e-01,0.0000e+00), (-4.2106e-01,0.0000e+00), (-4.2106e-01,0.0000e+00), (-5.5395e-01,0.0000e+00), (-5.6573e-01,0.0000e+00), (-5.6582e-01,0.0000e+00), (-6.5046e-01,0.0000e+00), (-6.5046e-01,0.0000e+00), (-6.8095e-01,0.0000e+00), (-6.8095e-01,0.0000e+00), (-7.5902e-01,0.0000e+00), (-7.5996e-01,0.0000e+00), (-8.0292e-01,0.0000e+00), (-8.8807e-01,0.0000e+00), (-8.8807e-01,0.0000e+00), (-9.8946e-01,0.0000e+00)]
generalized eigenvalues for AEx = Ax, i.e. eigenvalues of error propagation E in A-induced inner product:
(NOTE From left to right means from high- to low-frequency modes)
[-9.8946e-01, -8.8807e-01, -8.8807e-01, -8.0292e-01, -7.5996e-01, -7.5902e-01, -6.8095e-01, -6.8095e-01, -6.5046e-01, -6.5046e-01, -5.6582e-01, -5.6573e-01, -5.5395e-01, -4.2106e-01, -4.2106e-01, -2.5522e-01, -1.6767e-01, -1.6690e-01, -1.5486e-01, -1.5486e-01, -1.2927e-01, -1.2261e-01, -8.9123e-02, -8.9123e-02, -3.8535e-02, -2.8070e-02, -2.8070e-02, -1.4534e-02, -1.7011e-03, 1.0206e-03, 2.4682e-02, 2.4682e-02, 4.0533e-02, 8.9750e-02, 8.9750e-02, 9.0237e-02, 9.2771e-02, 9.3955e-02, 9.3955e-02, 9.7662e-02, 1.1323e-01, 1.2929e-01, 1.3382e-01, 1.3382e-01, 1.3669e-01, 1.4926e-01, 1.7185e-01, 1.7185e-01, 2.0145e-01, 2.0680e-01, 2.0680e-01, 2.1174e-01, 2.6864e-01, 2.9753e-01, 2.9753e-01, 3.1270e-01, 3.1590e-01, 3.4457e-01, 3.5568e-01, 3.5568e-01, 3.6507e-01, 3.6960e-01, 3.6987e-01, 3.7161e-01, 3.7161e-01, 3.8824e-01, 3.9516e-01, 3.9792e-01, 3.9792e-01, 4.0838e-01, 4.0838e-01, 4.2902e-01, 4.3760e-01, 4.4162e-01, 4.5649e-01, 4.5649e-01, 4.5733e-01, 4.8556e-01, 4.8556e-01, 5.1468e-01, 5.1727e-01, 5.3167e-01, 5.7595e-01, 5.7787e-01, 5.7787e-01, 5.8057e-01, 5.8659e-01, 5.8688e-01, 5.8688e-01, 5.8835e-01, 5.9445e-01, 5.9445e-01, 5.9495e-01, 5.9544e-01, 5.9757e-01, 5.9757e-01, 6.0460e-01, 6.1002e-01, 6.1282e-01, 6.2143e-01, 6.2303e-01, 6.2303e-01, 6.3361e-01, 6.3361e-01, 6.4143e-01, 6.4743e-01, 6.4776e-01, 6.4776e-01, 7.2149e-01, 7.2292e-01, 7.6444e-01, 7.6444e-01, 7.6932e-01, 8.5353e-01, 8.5353e-01, 8.9533e-01, 8.9589e-01, 9.3316e-01, 9.6717e-01, 9.6717e-01, 9.9229e-01]

