  Domain:                                    (0, 1) x (0, 1)        
  Root mesh:                                 3 x 3        
  Number of root cells:                      9        
  Number of active cells:                    36        

  Number of degrees of freedom:              169        
complex eigenvalues of E:
[(9.9524e-01,0.0000e+00), (9.7974e-01,0.0000e+00), (9.7974e-01,0.0000e+00), (9.5874e-01,0.0000e+00), (9.3573e-01,0.0000e+00), (9.3539e-01,0.0000e+00), (9.0959e-01,0.0000e+00), (9.0959e-01,0.0000e+00), (8.5760e-01,0.0000e+00), (8.5459e-01,0.0000e+00), (8.5459e-01,0.0000e+00), (8.2897e-01,0.0000e+00), (8.2808e-01,0.0000e+00), (7.8257e-01,0.0000e+00), (7.8257e-01,0.0000e+00), (7.8236e-01,0.0000e+00), (7.7866e-01,0.0000e+00), (7.7383e-01,0.0000e+00), (7.7383e-01,0.0000e+00), (7.6730e-01,0.0000e+00), (7.6730e-01,0.0000e+00), (7.6631e-01,0.0000e+00), (7.6100e-01,0.0000e+00), (7.5927e-01,0.0000e+00), (7.5592e-01,0.0000e+00), (7.5159e-01,0.0000e+00), (7.5159e-01,0.0000e+00), (7.5027e-01,0.0000e+00), (7.4997e-01,0.0000e+00), (7.4966e-01,0.0000e+00), (7.4966e-01,0.0000e+00), (7.4589e-01,0.0000e+00), (7.4499e-01,0.0000e+00), (7.4499e-01,0.0000e+00), (7.4481e-01,0.0000e+00), (7.4109e-01,0.0000e+00), (7.3943e-01,0.0000e+00), (7.3943e-01,0.0000e+00), (7.3824e-01,0.0000e+00), (7.1091e-01,0.0000e+00), (7.0202e-01,0.0000e+00), (7.0042e-01,0.0000e+00), (6.8245e-01,0.0000e+00), (6.8245e-01,0.0000e+00), (6.6502e-01,0.0000e+00), (6.6450e-01,0.0000e+00), (6.6450e-01,0.0000e+00), (6.5532e-01,0.0000e+00), (6.5284e-01,0.0000e+00), (6.4755e-01,0.0000e+00), (6.3481e-01,0.0000e+00), (6.3481e-01,0.0000e+00), (6.2835e-01,0.0000e+00), (6.2835e-01,0.0000e+00), (6.2664e-01,0.0000e+00), (6.2237e-01,0.0000e+00), (6.1210e-01,0.0000e+00), (6.1210e-01,0.0000e+00), (6.1103e-01,0.0000e+00), (6.1086e-01,0.0000e+00), (6.0807e-01,0.0000e+00), (6.0227e-01,0.0000e+00), (6.0227e-01,0.0000e+00), (5.9541e-01,0.0000e+00), (5.7772e-01,0.0000e+00), (5.7574e-01,0.0000e+00), (5.6637e-01,0.0000e+00), (5.6637e-01,0.0000e+00), (5.4854e-01,0.0000e+00), (5.1342e-01,0.0000e+00), (5.1037e-01,0.0000e+00), (5.1037e-01,0.0000e+00), (5.0707e-01,0.0000e+00), (4.8880e-01,0.0000e+00), (4.8880e-01,0.0000e+00), (4.7485e-01,0.0000e+00), (4.6709e-01,0.0000e+00), (4.6532e-01,0.0000e+00), (4.6532e-01,0.0000e+00), (4.6252e-01,0.0000e+00), (4.5261e-01,0.0000e+00), (4.4300e-01,0.0000e+00), (4.4071e-01,0.0000e+00), (4.4071e-01,0.0000e+00), (4.3998e-01,0.0000e+00), (4.3842e-01,0.0000e+00), (4.3812e-01,0.0000e+00), (4.3812e-01,0.0000e+00), (4.0774e-01,0.0000e+00), (3.9795e-01,0.0000e+00), (3.9795e-01,0.0000e+00), (3.8335e-01,0.0000e+00), (3.8167e-01,0.0000e+00), (3.7374e-01,0.0000e+00), (3.6539e-01,0.0000e+00), (3.6539e-01,0.0000e+00), (3.5893e-01,0.0000e+00), (3.2770e-01,0.0000e+00), (3.2770e-01,0.0000e+00), (3.0703e-01,0.0000e+00), (3.0292e-01,0.0000e+00), (2.8712e-01,0.0000e+00), (2.8712e-01,0.0000e+00), (2.7969e-01,0.0000e+00), (2.7922e-01,0.0000e+00), (2.2517e-01,0.0000e+00), (1.2280e-01,0.0000e+00), (1.2280e-01,0.0000e+00), (4.0772e-02,0.0000e+00), (3.3497e-02,0.0000e+00), (3.3445e-02,0.0000e+00), (-1.8804e-02,0.0000e+00), (-1.8804e-02,0.0000e+00), (-3.7626e-02,0.0000e+00), (-3.7626e-02,0.0000e+00), (-8.5816e-02,0.0000e+00), (-8.6394e-02,0.0000e+00), (-1.1292e-01,0.0000e+00), (-1.6547e-01,0.0000e+00), (-1.6547e-01,0.0000e+00), (-2.2806e-01,0.0000e+00)]
generalized eigenvalues for AEx = Ax, i.e. eigenvalues of error propagation E in A-induced inner product:
(NOTE From left to right means from high- to low-frequency modes)
[-2.2806e-01, -1.6547e-01, -1.6547e-01, -1.1292e-01, -8.6394e-02, -8.5816e-02, -3.7626e-02, -3.7626e-02, -1.8804e-02, -1.8804e-02, 3.3445e-02, 3.3497e-02, 4.0772e-02, 1.2280e-01, 1.2280e-01, 2.2517e-01, 2.7922e-01, 2.7969e-01, 2.8712e-01, 2.8712e-01, 3.0292e-01, 3.0703e-01, 3.2770e-01, 3.2770e-01, 3.5893e-01, 3.6539e-01, 3.6539e-01, 3.7374e-01, 3.8167e-01, 3.8335e-01, 3.9795e-01, 3.9795e-01, 4.0774e-01, 4.3812e-01, 4.3812e-01, 4.3842e-01, 4.3998e-01, 4.4071e-01, 4.4071e-01, 4.4300e-01, 4.5261e-01, 4.6252e-01, 4.6532e-01, 4.6532e-01, 4.6709e-01, 4.7485e-01, 4.8880e-01, 4.8880e-01, 5.0707e-01, 5.1037e-01, 5.1037e-01, 5.1342e-01, 5.4854e-01, 5.6637e-01, 5.6637e-01, 5.7574e-01, 5.7772e-01, 5.9541e-01, 6.0227e-01, 6.0227e-01, 6.0807e-01, 6.1086e-01, 6.1103e-01, 6.1210e-01, 6.1210e-01, 6.2237e-01, 6.2664e-01, 6.2835e-01, 6.2835e-01, 6.3481e-01, 6.3481e-01, 6.4755e-01, 6.5284e-01, 6.5532e-01, 6.6450e-01, 6.6450e-01, 6.6502e-01, 6.8245e-01, 6.8245e-01, 7.0042e-01, 7.0202e-01, 7.1091e-01, 7.3824e-01, 7.3943e-01, 7.3943e-01, 7.4109e-01, 7.4481e-01, 7.4499e-01, 7.4499e-01, 7.4589e-01, 7.4966e-01, 7.4966e-01, 7.4997e-01, 7.5027e-01, 7.5159e-01, 7.5159e-01, 7.5592e-01, 7.5927e-01, 7.6100e-01, 7.6631e-01, 7.6730e-01, 7.6730e-01, 7.7383e-01, 7.7383e-01, 7.7866e-01, 7.8236e-01, 7.8257e-01, 7.8257e-01, 8.2808e-01, 8.2897e-01, 8.5459e-01, 8.5459e-01, 8.5760e-01, 9.0959e-01, 9.0959e-01, 9.3539e-01, 9.3573e-01, 9.5874e-01, 9.7974e-01, 9.7974e-01, 9.9524e-01]

