# This file was generated by the deal.II library.
# Date =  2020/5/1
# Time =  12:51:31
#
# For a description of the GNUPLOT format see the GNUPLOT manual.
#
# <x> <EF_Bip_wrt_M_5> 
0 0 
0.00125 0.000633997 
0.0025 0.00254706 
0.00375 0.00570393 
0.005 0.0100696 
0.00625 0.0156092 
0.0075 0.0222881 
0.00875 0.030072 
0.01 0.0389266 
0.01125 0.0488179 
0.0125 0.0597119 
0.01375 0.071575 
0.015 0.0843734 
0.01625 0.0980738 
0.0175 0.112643 
0.01875 0.128047 
0.02 0.144254 
0.02125 0.16123 
0.0225 0.178942 
0.02375 0.197358 
0.025 0.216445 
0.02625 0.236171 
0.0275 0.256503 
0.02875 0.277409 
0.03 0.298857 
0.03125 0.320815 
0.0325 0.34325 
0.03375 0.366132 
0.035 0.389429 
0.03625 0.413109 
0.0375 0.437142 
0.03875 0.461495 
0.04 0.486139 
0.04125 0.511041 
0.0425 0.536173 
0.04375 0.561504 
0.045 0.587003 
0.04625 0.612641 
0.0475 0.638387 
0.04875 0.664214 
0.05 0.69009 
0.05125 0.715989 
0.0525 0.74188 
0.05375 0.767736 
0.055 0.793529 
0.05625 0.81923 
0.0575 0.844814 
0.05875 0.870251 
0.06 0.895517 
0.06125 0.920583 
0.0625 0.945426 
0.06375 0.970018 
0.065 0.994334 
0.06625 1.01835 
0.0675 1.04204 
0.06875 1.06538 
0.07 1.08835 
0.07125 1.11093 
0.0725 1.13309 
0.07375 1.1548 
0.075 1.17606 
0.07625 1.19683 
0.0775 1.21709 
0.07875 1.23684 
0.08 1.25604 
0.08125 1.27467 
0.0825 1.29272 
0.08375 1.31018 
0.085 1.32701 
0.08625 1.34321 
0.0875 1.35876 
0.08875 1.37364 
0.09 1.38784 
0.09125 1.40134 
0.0925 1.41413 
0.09375 1.4262 
0.095 1.43752 
0.09625 1.4481 
0.0975 1.45792 
0.09875 1.46696 
0.1 1.47522 
0.10125 1.48268 
0.1025 1.48934 
0.10375 1.49519 
0.105 1.50023 
0.10625 1.50443 
0.1075 1.5078 
0.10875 1.51034 
0.11 1.51203 
0.11125 1.51287 
0.1125 1.51285 
0.11375 1.51199 
0.115 1.51026 
0.11625 1.50767 
0.1175 1.50421 
0.11875 1.4999 
0.12 1.49472 
0.12125 1.48868 
0.1225 1.48177 
0.12375 1.47401 
0.125 1.46538 
0.12625 1.45591 
0.1275 1.44558 
0.12875 1.4344 
0.13 1.42238 
0.13125 1.40953 
0.1325 1.39585 
0.13375 1.38134 
0.135 1.36601 
0.13625 1.34988 
0.1375 1.33295 
0.13875 1.31523 
0.14 1.29673 
0.14125 1.27745 
0.1425 1.25742 
0.14375 1.23664 
0.145 1.21512 
0.14625 1.19287 
0.1475 1.16992 
0.14875 1.14627 
0.15 1.12193 
0.15125 1.09692 
0.1525 1.07126 
0.15375 1.04496 
0.155 1.01804 
0.15625 0.990503 
0.1575 0.962379 
0.15875 0.933681 
0.16 0.904427 
0.16125 0.874635 
0.1625 0.844322 
0.16375 0.813507 
0.165 0.782209 
0.16625 0.750448 
0.1675 0.718243 
0.16875 0.685615 
0.17 0.652582 
0.17125 0.619166 
0.1725 0.585388 
0.17375 0.551269 
0.175 0.516829 
0.17625 0.482091 
0.1775 0.447076 
0.17875 0.411807 
0.18 0.376304 
0.18125 0.340591 
0.1825 0.304691 
0.18375 0.268624 
0.185 0.232415 
0.18625 0.196086 
0.1875 0.15966 
0.18875 0.12316 
0.19 0.0866091 
0.19125 0.0500301 
0.1925 0.0134462 
0.19375 -0.0231193 
0.195 -0.0596435 
0.19625 -0.096103 
0.1975 -0.132475 
0.19875 -0.168736 
0.2 -0.204864 
0.20125 -0.240835 
0.2025 -0.276626 
0.20375 -0.312216 
0.205 -0.347581 
0.20625 -0.382699 
0.2075 -0.417547 
0.20875 -0.452104 
0.21 -0.486347 
0.21125 -0.520255 
0.2125 -0.553806 
0.21375 -0.586979 
0.215 -0.619753 
0.21625 -0.652106 
0.2175 -0.684019 
0.21875 -0.715471 
0.22 -0.746442 
0.22125 -0.776913 
0.2225 -0.806863 
0.22375 -0.836274 
0.225 -0.865127 
0.22625 -0.893404 
0.2275 -0.921086 
0.22875 -0.948157 
0.23 -0.974599 
0.23125 -1.00039 
0.2325 -1.02553 
0.23375 -1.04998 
0.235 -1.07374 
0.23625 -1.09679 
0.2375 -1.11912 
0.23875 -1.14071 
0.24 -1.16155 
0.24125 -1.18162 
0.2425 -1.20092 
0.24375 -1.21942 
0.245 -1.23713 
0.24625 -1.25402 
0.2475 -1.27008 
0.24875 -1.28531 
0.25 -1.2997 
0.25125 -1.31324 
0.2525 -1.32591 
0.25375 -1.33771 
0.255 -1.34864 
0.25625 -1.35868 
0.2575 -1.36784 
0.25875 -1.37609 
0.26 -1.38345 
0.26125 -1.38989 
0.2625 -1.39543 
0.26375 -1.40006 
0.265 -1.40376 
0.26625 -1.40655 
0.2675 -1.40842 
0.26875 -1.40937 
0.27 -1.40939 
0.27125 -1.40849 
0.2725 -1.40667 
0.27375 -1.40393 
0.275 -1.40028 
0.27625 -1.3957 
0.2775 -1.39021 
0.27875 -1.38382 
0.28 -1.37652 
0.28125 -1.36831 
0.2825 -1.35922 
0.28375 -1.34923 
0.285 -1.33836 
0.28625 -1.32662 
0.2875 -1.31401 
0.28875 -1.30054 
0.29 -1.28621 
0.29125 -1.27105 
0.2925 -1.25506 
0.29375 -1.23824 
0.295 -1.22061 
0.29625 -1.20219 
0.2975 -1.18298 
0.29875 -1.16299 
0.3 -1.14224 
0.30125 -1.12075 
0.3025 -1.09852 
0.30375 -1.07557 
0.305 -1.05192 
0.30625 -1.02758 
0.3075 -1.00256 
0.30875 -0.97689 
0.31 -0.950579 
0.31125 -0.923644 
0.3125 -0.896104 
0.31375 -0.867977 
0.315 -0.83928 
0.31625 -0.810033 
0.3175 -0.780254 
0.31875 -0.749964 
0.32 -0.719181 
0.32125 -0.687926 
0.3225 -0.656219 
0.32375 -0.624082 
0.325 -0.591534 
0.32625 -0.558597 
0.3275 -0.525292 
0.32875 -0.491642 
0.33 -0.457669 
0.33125 -0.423394 
0.3325 -0.388839 
0.33375 -0.354029 
0.335 -0.318984 
0.33625 -0.283728 
0.3375 -0.248285 
0.33875 -0.212677 
0.34 -0.176928 
0.34125 -0.14106 
0.3425 -0.105098 
0.34375 -0.0690652 
0.345 -0.0329848 
0.34625 0.00311948 
0.3475 0.0392239 
0.34875 0.0753049 
0.35 0.111339 
0.35125 0.147302 
0.3525 0.183171 
0.35375 0.218923 
0.355 0.254533 
0.35625 0.289979 
0.3575 0.325237 
0.35875 0.360284 
0.36 0.395098 
0.36125 0.429655 
0.3625 0.463932 
0.36375 0.497908 
0.365 0.53156 
0.36625 0.564867 
0.3675 0.597805 
0.36875 0.630354 
0.37 0.662492 
0.37125 0.694198 
0.3725 0.725451 
0.37375 0.756232 
0.375 0.786519 
0.37625 0.816293 
0.3775 0.845535 
0.37875 0.874225 
0.38 0.902344 
0.38125 0.929874 
0.3825 0.956797 
0.38375 0.983096 
0.385 1.00875 
0.38625 1.03375 
0.3875 1.05807 
0.38875 1.08171 
0.39 1.10463 
0.39125 1.12684 
0.3925 1.14831 
0.39375 1.16903 
0.395 1.18898 
0.39625 1.20816 
0.3975 1.22655 
0.39875 1.24414 
0.4 1.26092 
0.40125 1.27688 
0.4025 1.292 
0.40375 1.30628 
0.405 1.3197 
0.40625 1.33227 
0.4075 1.34396 
0.40875 1.35478 
0.41 1.36472 
0.41125 1.37377 
0.4125 1.38191 
0.41375 1.38916 
0.415 1.39551 
0.41625 1.40094 
0.4175 1.40546 
0.41875 1.40907 
0.42 1.41175 
0.42125 1.41352 
0.4225 1.41437 
0.42375 1.41429 
0.425 1.4133 
0.42625 1.41138 
0.4275 1.40855 
0.42875 1.4048 
0.43 1.40013 
0.43125 1.39456 
0.4325 1.38807 
0.43375 1.38069 
0.435 1.37241 
0.43625 1.36323 
0.4375 1.35317 
0.43875 1.34223 
0.44 1.33042 
0.44125 1.31774 
0.4425 1.30421 
0.44375 1.28983 
0.445 1.27461 
0.44625 1.25857 
0.4475 1.2417 
0.44875 1.22403 
0.45 1.20557 
0.45125 1.18632 
0.4525 1.1663 
0.45375 1.14553 
0.455 1.12401 
0.45625 1.10176 
0.4575 1.07879 
0.45875 1.05513 
0.46 1.03078 
0.46125 1.00575 
0.4625 0.980077 
0.46375 0.953763 
0.465 0.926828 
0.46625 0.89929 
0.4675 0.871166 
0.46875 0.842474 
0.47 0.813233 
0.47125 0.783461 
0.4725 0.753177 
0.47375 0.722402 
0.475 0.691153 
0.47625 0.659453 
0.4775 0.62732 
0.47875 0.594776 
0.48 0.561842 
0.48125 0.528539 
0.4825 0.494888 
0.48375 0.460911 
0.485 0.426631 
0.48625 0.392069 
0.4875 0.357249 
0.48875 0.322193 
0.49 0.286925 
0.49125 0.251467 
0.4925 0.215845 
0.49375 0.180081 
0.495 0.1442 
0.49625 0.108226 
0.4975 0.0721849 
0.49875 0.0361011 
0.5 -5.30193e-13 


0.5 -5.30193e-13 
0.50125 -0.0361011 
0.5025 -0.0721849 
0.50375 -0.108226 
0.505 -0.1442 
0.50625 -0.180081 
0.5075 -0.215845 
0.50875 -0.251467 
0.51 -0.286925 
0.51125 -0.322193 
0.5125 -0.357249 
0.51375 -0.392069 
0.515 -0.426631 
0.51625 -0.460911 
0.5175 -0.494888 
0.51875 -0.528539 
0.52 -0.561842 
0.52125 -0.594776 
0.5225 -0.62732 
0.52375 -0.659453 
0.525 -0.691153 
0.52625 -0.722402 
0.5275 -0.753177 
0.52875 -0.783461 
0.53 -0.813233 
0.53125 -0.842474 
0.5325 -0.871166 
0.53375 -0.89929 
0.535 -0.926828 
0.53625 -0.953763 
0.5375 -0.980077 
0.53875 -1.00575 
0.54 -1.03078 
0.54125 -1.05513 
0.5425 -1.07879 
0.54375 -1.10176 
0.545 -1.12401 
0.54625 -1.14553 
0.5475 -1.1663 
0.54875 -1.18632 
0.55 -1.20557 
0.55125 -1.22403 
0.5525 -1.2417 
0.55375 -1.25857 
0.555 -1.27461 
0.55625 -1.28983 
0.5575 -1.30421 
0.55875 -1.31774 
0.56 -1.33042 
0.56125 -1.34223 
0.5625 -1.35317 
0.56375 -1.36323 
0.565 -1.37241 
0.56625 -1.38069 
0.5675 -1.38807 
0.56875 -1.39456 
0.57 -1.40013 
0.57125 -1.4048 
0.5725 -1.40855 
0.57375 -1.41138 
0.575 -1.4133 
0.57625 -1.41429 
0.5775 -1.41437 
0.57875 -1.41352 
0.58 -1.41175 
0.58125 -1.40907 
0.5825 -1.40546 
0.58375 -1.40094 
0.585 -1.39551 
0.58625 -1.38916 
0.5875 -1.38191 
0.58875 -1.37377 
0.59 -1.36472 
0.59125 -1.35478 
0.5925 -1.34396 
0.59375 -1.33227 
0.595 -1.3197 
0.59625 -1.30628 
0.5975 -1.292 
0.59875 -1.27688 
0.6 -1.26092 
0.60125 -1.24414 
0.6025 -1.22655 
0.60375 -1.20816 
0.605 -1.18898 
0.60625 -1.16903 
0.6075 -1.14831 
0.60875 -1.12684 
0.61 -1.10463 
0.61125 -1.08171 
0.6125 -1.05807 
0.61375 -1.03375 
0.615 -1.00875 
0.61625 -0.983096 
0.6175 -0.956797 
0.61875 -0.929874 
0.62 -0.902344 
0.62125 -0.874225 
0.6225 -0.845535 
0.62375 -0.816293 
0.625 -0.786519 
0.62625 -0.756232 
0.6275 -0.725451 
0.62875 -0.694198 
0.63 -0.662492 
0.63125 -0.630354 
0.6325 -0.597805 
0.63375 -0.564867 
0.635 -0.53156 
0.63625 -0.497908 
0.6375 -0.463932 
0.63875 -0.429655 
0.64 -0.395098 
0.64125 -0.360284 
0.6425 -0.325237 
0.64375 -0.289979 
0.645 -0.254533 
0.64625 -0.218923 
0.6475 -0.183171 
0.64875 -0.147302 
0.65 -0.111339 
0.65125 -0.0753049 
0.6525 -0.0392239 
0.65375 -0.00311948 
0.655 0.0329848 
0.65625 0.0690652 
0.6575 0.105098 
0.65875 0.14106 
0.66 0.176928 
0.66125 0.212677 
0.6625 0.248285 
0.66375 0.283728 
0.665 0.318984 
0.66625 0.354029 
0.6675 0.388839 
0.66875 0.423394 
0.67 0.457669 
0.67125 0.491642 
0.6725 0.525292 
0.67375 0.558597 
0.675 0.591534 
0.67625 0.624082 
0.6775 0.656219 
0.67875 0.687926 
0.68 0.719181 
0.68125 0.749964 
0.6825 0.780254 
0.68375 0.810033 
0.685 0.83928 
0.68625 0.867977 
0.6875 0.896104 
0.68875 0.923644 
0.69 0.950579 
0.69125 0.97689 
0.6925 1.00256 
0.69375 1.02758 
0.695 1.05192 
0.69625 1.07557 
0.6975 1.09852 
0.69875 1.12075 
0.7 1.14224 
0.70125 1.16299 
0.7025 1.18298 
0.70375 1.20219 
0.705 1.22061 
0.70625 1.23824 
0.7075 1.25506 
0.70875 1.27105 
0.71 1.28621 
0.71125 1.30054 
0.7125 1.31401 
0.71375 1.32662 
0.715 1.33836 
0.71625 1.34923 
0.7175 1.35922 
0.71875 1.36831 
0.72 1.37652 
0.72125 1.38382 
0.7225 1.39021 
0.72375 1.3957 
0.725 1.40028 
0.72625 1.40393 
0.7275 1.40667 
0.72875 1.40849 
0.73 1.40939 
0.73125 1.40937 
0.7325 1.40842 
0.73375 1.40655 
0.735 1.40376 
0.73625 1.40006 
0.7375 1.39543 
0.73875 1.38989 
0.74 1.38345 
0.74125 1.37609 
0.7425 1.36784 
0.74375 1.35868 
0.745 1.34864 
0.74625 1.33771 
0.7475 1.32591 
0.74875 1.31324 
0.75 1.2997 
0.75125 1.28531 
0.7525 1.27008 
0.75375 1.25402 
0.755 1.23713 
0.75625 1.21942 
0.7575 1.20092 
0.75875 1.18162 
0.76 1.16155 
0.76125 1.14071 
0.7625 1.11912 
0.76375 1.09679 
0.765 1.07374 
0.76625 1.04998 
0.7675 1.02553 
0.76875 1.00039 
0.77 0.974599 
0.77125 0.948157 
0.7725 0.921086 
0.77375 0.893404 
0.775 0.865127 
0.77625 0.836274 
0.7775 0.806863 
0.77875 0.776913 
0.78 0.746442 
0.78125 0.715471 
0.7825 0.684019 
0.78375 0.652106 
0.785 0.619753 
0.78625 0.586979 
0.7875 0.553806 
0.78875 0.520255 
0.79 0.486347 
0.79125 0.452104 
0.7925 0.417547 
0.79375 0.382699 
0.795 0.347581 
0.79625 0.312216 
0.7975 0.276626 
0.79875 0.240835 
0.8 0.204864 
0.80125 0.168736 
0.8025 0.132475 
0.80375 0.096103 
0.805 0.0596435 
0.80625 0.0231193 
0.8075 -0.0134462 
0.80875 -0.0500301 
0.81 -0.0866091 
0.81125 -0.12316 
0.8125 -0.15966 
0.81375 -0.196086 
0.815 -0.232415 
0.81625 -0.268624 
0.8175 -0.304691 
0.81875 -0.340591 
0.82 -0.376304 
0.82125 -0.411807 
0.8225 -0.447076 
0.82375 -0.482091 
0.825 -0.516829 
0.82625 -0.551269 
0.8275 -0.585388 
0.82875 -0.619166 
0.83 -0.652582 
0.83125 -0.685615 
0.8325 -0.718243 
0.83375 -0.750448 
0.835 -0.782209 
0.83625 -0.813507 
0.8375 -0.844322 
0.83875 -0.874635 
0.84 -0.904427 
0.84125 -0.933681 
0.8425 -0.962379 
0.84375 -0.990503 
0.845 -1.01804 
0.84625 -1.04496 
0.8475 -1.07126 
0.84875 -1.09692 
0.85 -1.12193 
0.85125 -1.14627 
0.8525 -1.16992 
0.85375 -1.19287 
0.855 -1.21512 
0.85625 -1.23664 
0.8575 -1.25742 
0.85875 -1.27745 
0.86 -1.29673 
0.86125 -1.31523 
0.8625 -1.33295 
0.86375 -1.34988 
0.865 -1.36601 
0.86625 -1.38134 
0.8675 -1.39585 
0.86875 -1.40953 
0.87 -1.42238 
0.87125 -1.4344 
0.8725 -1.44558 
0.87375 -1.45591 
0.875 -1.46538 
0.87625 -1.47401 
0.8775 -1.48177 
0.87875 -1.48868 
0.88 -1.49472 
0.88125 -1.4999 
0.8825 -1.50421 
0.88375 -1.50767 
0.885 -1.51026 
0.88625 -1.51199 
0.8875 -1.51285 
0.88875 -1.51287 
0.89 -1.51203 
0.89125 -1.51034 
0.8925 -1.5078 
0.89375 -1.50443 
0.895 -1.50023 
0.89625 -1.49519 
0.8975 -1.48934 
0.89875 -1.48268 
0.9 -1.47522 
0.90125 -1.46696 
0.9025 -1.45792 
0.90375 -1.4481 
0.905 -1.43752 
0.90625 -1.4262 
0.9075 -1.41413 
0.90875 -1.40134 
0.91 -1.38784 
0.91125 -1.37364 
0.9125 -1.35876 
0.91375 -1.34321 
0.915 -1.32701 
0.91625 -1.31018 
0.9175 -1.29272 
0.91875 -1.27467 
0.92 -1.25604 
0.92125 -1.23684 
0.9225 -1.21709 
0.92375 -1.19683 
0.925 -1.17606 
0.92625 -1.1548 
0.9275 -1.13309 
0.92875 -1.11093 
0.93 -1.08835 
0.93125 -1.06538 
0.9325 -1.04204 
0.93375 -1.01835 
0.935 -0.994334 
0.93625 -0.970018 
0.9375 -0.945426 
0.93875 -0.920583 
0.94 -0.895517 
0.94125 -0.870251 
0.9425 -0.844814 
0.94375 -0.81923 
0.945 -0.793529 
0.94625 -0.767736 
0.9475 -0.74188 
0.94875 -0.715989 
0.95 -0.69009 
0.95125 -0.664214 
0.9525 -0.638387 
0.95375 -0.612641 
0.955 -0.587003 
0.95625 -0.561504 
0.9575 -0.536173 
0.95875 -0.511041 
0.96 -0.486139 
0.96125 -0.461495 
0.9625 -0.437142 
0.96375 -0.413109 
0.965 -0.389429 
0.96625 -0.366132 
0.9675 -0.34325 
0.96875 -0.320815 
0.97 -0.298857 
0.97125 -0.277409 
0.9725 -0.256503 
0.97375 -0.236171 
0.975 -0.216445 
0.97625 -0.197358 
0.9775 -0.178942 
0.97875 -0.16123 
0.98 -0.144254 
0.98125 -0.128047 
0.9825 -0.112643 
0.98375 -0.0980738 
0.985 -0.0843734 
0.98625 -0.071575 
0.9875 -0.0597119 
0.98875 -0.0488179 
0.99 -0.0389266 
0.99125 -0.030072 
0.9925 -0.0222881 
0.99375 -0.0156092 
0.995 -0.0100696 
0.99625 -0.00570393 
0.9975 -0.00254706 
0.99875 -0.000633997 
1 0 


