# This file was generated by the deal.II library.
# Date =  2020/5/1
# Time =  12:51:31
#
# For a description of the GNUPLOT format see the GNUPLOT manual.
#
# <x> <EF_Bip_19> 
0 0 
0.00125 -0.162039 
0.0025 -0.296026 
0.00375 -0.404764 
0.005 -0.490857 
0.00625 -0.556724 
0.0075 -0.604608 
0.00875 -0.636583 
0.01 -0.654569 
0.01125 -0.660333 
0.0125 -0.655506 
0.01375 -0.641582 
0.015 -0.619932 
0.01625 -0.591811 
0.0175 -0.558361 
0.01875 -0.520621 
0.02 -0.479533 
0.02125 -0.435948 
0.0225 -0.390629 
0.02375 -0.344264 
0.025 -0.297461 
0.02625 -0.250763 
0.0275 -0.204645 
0.02875 -0.159525 
0.03 -0.115761 
0.03125 -0.0736646 
0.0325 -0.0334955 
0.03375 0.0045285 
0.035 0.0402305 
0.03625 0.0734707 
0.0375 0.104143 
0.03875 0.132173 
0.04 0.157513 
0.04125 0.180143 
0.0425 0.200063 
0.04375 0.217296 
0.045 0.231882 
0.04625 0.243878 
0.0475 0.253356 
0.04875 0.260398 
0.05 0.2651 
0.05125 0.267566 
0.0525 0.267906 
0.05375 0.266238 
0.055 0.262687 
0.05625 0.257377 
0.0575 0.25044 
0.05875 0.242007 
0.06 0.232209 
0.06125 0.221181 
0.0625 0.209052 
0.06375 0.195954 
0.065 0.182015 
0.06625 0.167361 
0.0675 0.152115 
0.06875 0.136394 
0.07 0.120315 
0.07125 0.103988 
0.0725 0.087519 
0.07375 0.0710097 
0.075 0.0545559 
0.07625 0.0382488 
0.0775 0.0221737 
0.07875 0.00641085 
0.08 -0.00896537 
0.08125 -0.0238861 
0.0825 -0.0382879 
0.08375 -0.0521132 
0.085 -0.0653099 
0.08625 -0.0778313 
0.0875 -0.0896361 
0.08875 -0.100689 
0.09 -0.110958 
0.09125 -0.120419 
0.0925 -0.12905 
0.09375 -0.136836 
0.095 -0.143765 
0.09625 -0.149832 
0.0975 -0.155032 
0.09875 -0.159367 
0.1 -0.162844 
0.10125 -0.16547 
0.1025 -0.167258 
0.10375 -0.168225 
0.105 -0.168389 
0.10625 -0.167771 
0.1075 -0.166396 
0.10875 -0.16429 
0.11 -0.161483 
0.11125 -0.158005 
0.1125 -0.153889 
0.11375 -0.14917 
0.115 -0.143883 
0.11625 -0.138064 
0.1175 -0.131753 
0.11875 -0.124987 
0.12 -0.117806 
0.12125 -0.110251 
0.1225 -0.10236 
0.12375 -0.0941752 
0.125 -0.0857363 
0.12625 -0.0770834 
0.1275 -0.0682565 
0.12875 -0.0592951 
0.13 -0.0502379 
0.13125 -0.0411231 
0.1325 -0.0319881 
0.13375 -0.0228694 
0.135 -0.0138023 
0.13625 -0.00482122 
0.1375 0.00404086 
0.13875 0.0127521 
0.14 0.021282 
0.14125 0.0296016 
0.1425 0.0376833 
0.14375 0.0455011 
0.145 0.0530306 
0.14625 0.060249 
0.1475 0.0671352 
0.14875 0.0736696 
0.15 0.0798346 
0.15125 0.0856141 
0.1525 0.0909937 
0.15375 0.0959609 
0.155 0.100505 
0.15625 0.104616 
0.1575 0.108288 
0.15875 0.111514 
0.16 0.11429 
0.16125 0.116615 
0.1625 0.118486 
0.16375 0.119905 
0.165 0.120874 
0.16625 0.121397 
0.1675 0.121479 
0.16875 0.121127 
0.17 0.120348 
0.17125 0.119152 
0.1725 0.117549 
0.17375 0.115551 
0.175 0.113171 
0.17625 0.110422 
0.1775 0.10732 
0.17875 0.103879 
0.18 0.100117 
0.18125 0.0960513 
0.1825 0.0916991 
0.18375 0.0870794 
0.185 0.0822116 
0.18625 0.0771154 
0.1875 0.071811 
0.18875 0.0663188 
0.19 0.0606599 
0.19125 0.0548551 
0.1925 0.0489259 
0.19375 0.0428933 
0.195 0.0367789 
0.19625 0.0306038 
0.1975 0.0243892 
0.19875 0.0181562 
0.2 0.0119254 
0.20125 0.00571742 
0.2025 -0.000447702 
0.20375 -0.00655023 
0.205 -0.0125709 
0.20625 -0.0184909 
0.2075 -0.0242922 
0.20875 -0.0299571 
0.21 -0.0354686 
0.21125 -0.0408106 
0.2125 -0.0459674 
0.21375 -0.0509245 
0.215 -0.0556677 
0.21625 -0.060184 
0.2175 -0.0644611 
0.21875 -0.0684877 
0.22 -0.0722533 
0.22125 -0.0757483 
0.2225 -0.0789642 
0.22375 -0.0818933 
0.225 -0.0845289 
0.22625 -0.0868655 
0.2275 -0.0888982 
0.22875 -0.0906234 
0.23 -0.0920385 
0.23125 -0.0931415 
0.2325 -0.0939319 
0.23375 -0.0944099 
0.235 -0.0945765 
0.23625 -0.0944342 
0.2375 -0.0939858 
0.23875 -0.0932354 
0.24 -0.0921879 
0.24125 -0.0908492 
0.2425 -0.0892258 
0.24375 -0.0873252 
0.245 -0.0851557 
0.24625 -0.0827263 
0.2475 -0.0800468 
0.24875 -0.0771276 
0.25 -0.0739799 
0.25125 -0.0706155 
0.2525 -0.0670467 
0.25375 -0.0632863 
0.255 -0.0593478 
0.25625 -0.0552451 
0.2575 -0.0509924 
0.25875 -0.0466044 
0.26 -0.042096 
0.26125 -0.0374826 
0.2625 -0.0327797 
0.26375 -0.028003 
0.265 -0.0231682 
0.26625 -0.0182914 
0.2675 -0.0133885 
0.26875 -0.00847547 
0.27 -0.00356831 
0.27125 0.00131717 
0.2725 0.00616527 
0.27375 0.0109605 
0.275 0.0156875 
0.27625 0.0203314 
0.2775 0.0248775 
0.27875 0.0293114 
0.28 0.0336192 
0.28125 0.0377876 
0.2825 0.0418035 
0.28375 0.0456545 
0.285 0.0493288 
0.28625 0.052815 
0.2875 0.0561025 
0.28875 0.0591814 
0.29 0.0620423 
0.29125 0.0646767 
0.2925 0.0670768 
0.29375 0.0692355 
0.295 0.0711465 
0.29625 0.0728044 
0.2975 0.0742046 
0.29875 0.0753433 
0.3 0.0762177 
0.30125 0.0768255 
0.3025 0.0771657 
0.30375 0.077238 
0.305 0.0770429 
0.30625 0.0765818 
0.3075 0.0758572 
0.30875 0.0748722 
0.31 0.0736309 
0.31125 0.0721381 
0.3125 0.0703998 
0.31375 0.0684224 
0.315 0.0662133 
0.31625 0.0637807 
0.3175 0.0611337 
0.31875 0.0582817 
0.32 0.0552353 
0.32125 0.0520056 
0.3225 0.0486041 
0.32375 0.0450433 
0.325 0.041336 
0.32625 0.0374957 
0.3275 0.0335364 
0.32875 0.0294723 
0.33 0.0253183 
0.33125 0.0210896 
0.3325 0.0168016 
0.33375 0.01247 
0.335 0.00811071 
0.33625 0.00373991 
0.3375 -0.000626232 
0.33875 -0.00497148 
0.34 -0.00927958 
0.34125 -0.0135343 
0.3425 -0.0177197 
0.34375 -0.0218198 
0.345 -0.0258189 
0.34625 -0.0297017 
0.3475 -0.033453 
0.34875 -0.0370584 
0.35 -0.0405036 
0.35125 -0.043775 
0.3525 -0.0468594 
0.35375 -0.0497445 
0.355 -0.0524183 
0.35625 -0.0548698 
0.3575 -0.0570888 
0.35875 -0.0590658 
0.36 -0.0607921 
0.36125 -0.0622601 
0.3625 -0.063463 
0.36375 -0.0643952 
0.365 -0.0650518 
0.36625 -0.0654294 
0.3675 -0.0655252 
0.36875 -0.0653379 
0.37 -0.0648673 
0.37125 -0.0641141 
0.3725 -0.0630805 
0.37375 -0.0617697 
0.375 -0.0601862 
0.37625 -0.0583357 
0.3775 -0.0562251 
0.37875 -0.0538623 
0.38 -0.0512567 
0.38125 -0.0484188 
0.3825 -0.0453602 
0.38375 -0.0420935 
0.385 -0.0386326 
0.38625 -0.0349924 
0.3875 -0.0311889 
0.38875 -0.027239 
0.39 -0.0231604 
0.39125 -0.0189721 
0.3925 -0.0146934 
0.39375 -0.0103446 
0.395 -0.00594681 
0.39625 -0.00152147 
0.3975 0.00290934 
0.39875 0.00732311 
0.4 0.011697 
0.40125 0.016008 
0.4025 0.0202329 
0.40375 0.0243485 
0.405 0.0283316 
0.40625 0.0321593 
0.4075 0.0358091 
0.40875 0.0392587 
0.41 0.0424866 
0.41125 0.0454719 
0.4125 0.0481946 
0.41375 0.0506354 
0.415 0.0527766 
0.41625 0.0546012 
0.4175 0.056094 
0.41875 0.057241 
0.42 0.05803 
0.42125 0.0584506 
0.4225 0.0584942 
0.42375 0.0581543 
0.425 0.0574265 
0.42625 0.0563088 
0.4275 0.0548016 
0.42875 0.0529075 
0.43 0.0506321 
0.43125 0.0479835 
0.4325 0.0449726 
0.43375 0.041613 
0.435 0.0379215 
0.43625 0.0339176 
0.4375 0.0296239 
0.43875 0.0250659 
0.44 0.0202721 
0.44125 0.0152739 
0.4425 0.0101059 
0.44375 0.00480503 
0.445 -0.000588633 
0.44625 -0.00603259 
0.4475 -0.0114819 
0.44875 -0.0168892 
0.45 -0.0222052 
0.45125 -0.0273788 
0.4525 -0.0323574 
0.45375 -0.0370872 
0.455 -0.0415136 
0.45625 -0.0455816 
0.4575 -0.0492364 
0.45875 -0.0524236 
0.46 -0.0550903 
0.46125 -0.0571852 
0.4625 -0.0586596 
0.46375 -0.0594681 
0.465 -0.0595694 
0.46625 -0.0589272 
0.4675 -0.0575111 
0.46875 -0.0552979 
0.47 -0.0522725 
0.47125 -0.0484291 
0.4725 -0.0437729 
0.47375 -0.0383208 
0.475 -0.0321036 
0.47625 -0.0251673 
0.4775 -0.0175747 
0.47875 -0.00940755 
0.48 -0.000768311 
0.48125 0.00821779 
0.4825 0.0174005 
0.48375 0.0266021 
0.485 0.0356151 
0.48625 0.0441997 
0.4875 0.0520804 
0.48875 0.0589439 
0.49 0.0644354 
0.49125 0.0681555 
0.4925 0.0696568 
0.49375 0.0684403 
0.495 0.0639511 
0.49625 0.0555752 
0.4975 0.0426344 
0.49875 0.0243824 
0.5 -2.44943e-15 


0.5 -2.44943e-15 
0.50125 -0.0243824 
0.5025 -0.0426344 
0.50375 -0.0555752 
0.505 -0.0639511 
0.50625 -0.0684403 
0.5075 -0.0696568 
0.50875 -0.0681555 
0.51 -0.0644354 
0.51125 -0.0589439 
0.5125 -0.0520804 
0.51375 -0.0441997 
0.515 -0.0356151 
0.51625 -0.0266021 
0.5175 -0.0174005 
0.51875 -0.00821779 
0.52 0.000768311 
0.52125 0.00940755 
0.5225 0.0175747 
0.52375 0.0251673 
0.525 0.0321036 
0.52625 0.0383208 
0.5275 0.0437729 
0.52875 0.0484291 
0.53 0.0522725 
0.53125 0.0552979 
0.5325 0.0575111 
0.53375 0.0589272 
0.535 0.0595694 
0.53625 0.0594681 
0.5375 0.0586596 
0.53875 0.0571852 
0.54 0.0550903 
0.54125 0.0524236 
0.5425 0.0492364 
0.54375 0.0455816 
0.545 0.0415136 
0.54625 0.0370872 
0.5475 0.0323574 
0.54875 0.0273788 
0.55 0.0222052 
0.55125 0.0168892 
0.5525 0.0114819 
0.55375 0.00603259 
0.555 0.000588633 
0.55625 -0.00480503 
0.5575 -0.0101059 
0.55875 -0.0152739 
0.56 -0.0202721 
0.56125 -0.0250659 
0.5625 -0.0296239 
0.56375 -0.0339176 
0.565 -0.0379215 
0.56625 -0.041613 
0.5675 -0.0449726 
0.56875 -0.0479835 
0.57 -0.0506321 
0.57125 -0.0529075 
0.5725 -0.0548016 
0.57375 -0.0563088 
0.575 -0.0574265 
0.57625 -0.0581543 
0.5775 -0.0584942 
0.57875 -0.0584506 
0.58 -0.05803 
0.58125 -0.057241 
0.5825 -0.056094 
0.58375 -0.0546012 
0.585 -0.0527766 
0.58625 -0.0506354 
0.5875 -0.0481946 
0.58875 -0.0454719 
0.59 -0.0424866 
0.59125 -0.0392587 
0.5925 -0.0358091 
0.59375 -0.0321593 
0.595 -0.0283316 
0.59625 -0.0243485 
0.5975 -0.0202329 
0.59875 -0.016008 
0.6 -0.011697 
0.60125 -0.00732311 
0.6025 -0.00290934 
0.60375 0.00152147 
0.605 0.00594681 
0.60625 0.0103446 
0.6075 0.0146934 
0.60875 0.0189721 
0.61 0.0231604 
0.61125 0.027239 
0.6125 0.0311889 
0.61375 0.0349924 
0.615 0.0386326 
0.61625 0.0420935 
0.6175 0.0453602 
0.61875 0.0484188 
0.62 0.0512567 
0.62125 0.0538623 
0.6225 0.0562251 
0.62375 0.0583357 
0.625 0.0601862 
0.62625 0.0617697 
0.6275 0.0630805 
0.62875 0.0641141 
0.63 0.0648673 
0.63125 0.0653379 
0.6325 0.0655252 
0.63375 0.0654294 
0.635 0.0650518 
0.63625 0.0643952 
0.6375 0.063463 
0.63875 0.0622601 
0.64 0.0607921 
0.64125 0.0590658 
0.6425 0.0570888 
0.64375 0.0548698 
0.645 0.0524183 
0.64625 0.0497445 
0.6475 0.0468594 
0.64875 0.043775 
0.65 0.0405036 
0.65125 0.0370584 
0.6525 0.033453 
0.65375 0.0297017 
0.655 0.0258189 
0.65625 0.0218198 
0.6575 0.0177197 
0.65875 0.0135343 
0.66 0.00927958 
0.66125 0.00497148 
0.6625 0.000626232 
0.66375 -0.00373991 
0.665 -0.00811071 
0.66625 -0.01247 
0.6675 -0.0168016 
0.66875 -0.0210896 
0.67 -0.0253183 
0.67125 -0.0294723 
0.6725 -0.0335364 
0.67375 -0.0374957 
0.675 -0.041336 
0.67625 -0.0450433 
0.6775 -0.0486041 
0.67875 -0.0520056 
0.68 -0.0552353 
0.68125 -0.0582817 
0.6825 -0.0611337 
0.68375 -0.0637807 
0.685 -0.0662133 
0.68625 -0.0684224 
0.6875 -0.0703998 
0.68875 -0.0721381 
0.69 -0.0736309 
0.69125 -0.0748722 
0.6925 -0.0758572 
0.69375 -0.0765818 
0.695 -0.0770429 
0.69625 -0.077238 
0.6975 -0.0771657 
0.69875 -0.0768255 
0.7 -0.0762177 
0.70125 -0.0753433 
0.7025 -0.0742046 
0.70375 -0.0728044 
0.705 -0.0711465 
0.70625 -0.0692355 
0.7075 -0.0670768 
0.70875 -0.0646767 
0.71 -0.0620423 
0.71125 -0.0591814 
0.7125 -0.0561025 
0.71375 -0.052815 
0.715 -0.0493288 
0.71625 -0.0456545 
0.7175 -0.0418035 
0.71875 -0.0377876 
0.72 -0.0336192 
0.72125 -0.0293114 
0.7225 -0.0248775 
0.72375 -0.0203314 
0.725 -0.0156875 
0.72625 -0.0109605 
0.7275 -0.00616527 
0.72875 -0.00131717 
0.73 0.00356831 
0.73125 0.00847547 
0.7325 0.0133885 
0.73375 0.0182914 
0.735 0.0231682 
0.73625 0.028003 
0.7375 0.0327797 
0.73875 0.0374826 
0.74 0.042096 
0.74125 0.0466044 
0.7425 0.0509924 
0.74375 0.0552451 
0.745 0.0593478 
0.74625 0.0632863 
0.7475 0.0670467 
0.74875 0.0706155 
0.75 0.0739799 
0.75125 0.0771276 
0.7525 0.0800468 
0.75375 0.0827263 
0.755 0.0851557 
0.75625 0.0873252 
0.7575 0.0892258 
0.75875 0.0908492 
0.76 0.0921879 
0.76125 0.0932354 
0.7625 0.0939858 
0.76375 0.0944342 
0.765 0.0945765 
0.76625 0.0944099 
0.7675 0.0939319 
0.76875 0.0931415 
0.77 0.0920385 
0.77125 0.0906234 
0.7725 0.0888982 
0.77375 0.0868655 
0.775 0.0845289 
0.77625 0.0818933 
0.7775 0.0789642 
0.77875 0.0757483 
0.78 0.0722533 
0.78125 0.0684877 
0.7825 0.0644611 
0.78375 0.060184 
0.785 0.0556677 
0.78625 0.0509245 
0.7875 0.0459674 
0.78875 0.0408106 
0.79 0.0354686 
0.79125 0.0299571 
0.7925 0.0242922 
0.79375 0.0184909 
0.795 0.0125709 
0.79625 0.00655023 
0.7975 0.000447702 
0.79875 -0.00571742 
0.8 -0.0119254 
0.80125 -0.0181562 
0.8025 -0.0243892 
0.80375 -0.0306038 
0.805 -0.0367789 
0.80625 -0.0428933 
0.8075 -0.0489259 
0.80875 -0.0548551 
0.81 -0.0606599 
0.81125 -0.0663188 
0.8125 -0.071811 
0.81375 -0.0771154 
0.815 -0.0822116 
0.81625 -0.0870794 
0.8175 -0.0916991 
0.81875 -0.0960513 
0.82 -0.100117 
0.82125 -0.103879 
0.8225 -0.10732 
0.82375 -0.110422 
0.825 -0.113171 
0.82625 -0.115551 
0.8275 -0.117549 
0.82875 -0.119152 
0.83 -0.120348 
0.83125 -0.121127 
0.8325 -0.121479 
0.83375 -0.121397 
0.835 -0.120874 
0.83625 -0.119905 
0.8375 -0.118486 
0.83875 -0.116615 
0.84 -0.11429 
0.84125 -0.111514 
0.8425 -0.108288 
0.84375 -0.104616 
0.845 -0.100505 
0.84625 -0.0959609 
0.8475 -0.0909937 
0.84875 -0.0856141 
0.85 -0.0798346 
0.85125 -0.0736696 
0.8525 -0.0671352 
0.85375 -0.060249 
0.855 -0.0530306 
0.85625 -0.0455011 
0.8575 -0.0376833 
0.85875 -0.0296016 
0.86 -0.021282 
0.86125 -0.0127521 
0.8625 -0.00404086 
0.86375 0.00482122 
0.865 0.0138023 
0.86625 0.0228694 
0.8675 0.0319881 
0.86875 0.0411231 
0.87 0.0502379 
0.87125 0.0592951 
0.8725 0.0682565 
0.87375 0.0770834 
0.875 0.0857363 
0.87625 0.0941752 
0.8775 0.10236 
0.87875 0.110251 
0.88 0.117806 
0.88125 0.124987 
0.8825 0.131753 
0.88375 0.138064 
0.885 0.143883 
0.88625 0.14917 
0.8875 0.153889 
0.88875 0.158005 
0.89 0.161483 
0.89125 0.16429 
0.8925 0.166396 
0.89375 0.167771 
0.895 0.168389 
0.89625 0.168225 
0.8975 0.167258 
0.89875 0.16547 
0.9 0.162844 
0.90125 0.159367 
0.9025 0.155032 
0.90375 0.149832 
0.905 0.143765 
0.90625 0.136836 
0.9075 0.12905 
0.90875 0.120419 
0.91 0.110958 
0.91125 0.100689 
0.9125 0.0896361 
0.91375 0.0778313 
0.915 0.0653099 
0.91625 0.0521132 
0.9175 0.0382879 
0.91875 0.0238861 
0.92 0.00896537 
0.92125 -0.00641085 
0.9225 -0.0221737 
0.92375 -0.0382488 
0.925 -0.0545559 
0.92625 -0.0710097 
0.9275 -0.087519 
0.92875 -0.103988 
0.93 -0.120315 
0.93125 -0.136394 
0.9325 -0.152115 
0.93375 -0.167361 
0.935 -0.182015 
0.93625 -0.195954 
0.9375 -0.209052 
0.93875 -0.221181 
0.94 -0.232209 
0.94125 -0.242007 
0.9425 -0.25044 
0.94375 -0.257377 
0.945 -0.262687 
0.94625 -0.266238 
0.9475 -0.267906 
0.94875 -0.267566 
0.95 -0.2651 
0.95125 -0.260398 
0.9525 -0.253356 
0.95375 -0.243878 
0.955 -0.231882 
0.95625 -0.217296 
0.9575 -0.200063 
0.95875 -0.180143 
0.96 -0.157513 
0.96125 -0.132173 
0.9625 -0.104143 
0.96375 -0.0734707 
0.965 -0.0402305 
0.96625 -0.0045285 
0.9675 0.0334955 
0.96875 0.0736646 
0.97 0.115761 
0.97125 0.159525 
0.9725 0.204645 
0.97375 0.250763 
0.975 0.297461 
0.97625 0.344264 
0.9775 0.390629 
0.97875 0.435948 
0.98 0.479533 
0.98125 0.520621 
0.9825 0.558361 
0.98375 0.591811 
0.985 0.619932 
0.98625 0.641582 
0.9875 0.655506 
0.98875 0.660333 
0.99 0.654569 
0.99125 0.636583 
0.9925 0.604608 
0.99375 0.556724 
0.995 0.490857 
0.99625 0.404764 
0.9975 0.296026 
0.99875 0.162039 
1 0 


