# This file was generated by the deal.II library.
# Date =  2020/5/1
# Time =  12:51:31
#
# For a description of the GNUPLOT format see the GNUPLOT manual.
#
# <x> <EF_B_10> 
0 0 
0.00125 0.0129851 
0.0025 0.0258728 
0.00375 0.0386539 
0.005 0.051317 
0.00625 0.0638487 
0.0075 0.0762338 
0.00875 0.0884556 
0.01 0.100496 
0.01125 0.112337 
0.0125 0.123958 
0.01375 0.135339 
0.015 0.14646 
0.01625 0.157298 
0.0175 0.167834 
0.01875 0.178046 
0.02 0.187914 
0.02125 0.197416 
0.0225 0.206533 
0.02375 0.215246 
0.025 0.223535 
0.02625 0.231382 
0.0275 0.238771 
0.02875 0.245685 
0.03 0.252107 
0.03125 0.258025 
0.0325 0.263425 
0.03375 0.268294 
0.035 0.272622 
0.03625 0.276399 
0.0375 0.279616 
0.03875 0.282266 
0.04 0.284343 
0.04125 0.285841 
0.0425 0.286758 
0.04375 0.287092 
0.045 0.286841 
0.04625 0.286005 
0.0475 0.284586 
0.04875 0.282588 
0.05 0.280013 
0.05125 0.276868 
0.0525 0.273159 
0.05375 0.268892 
0.055 0.264078 
0.05625 0.258726 
0.0575 0.252846 
0.05875 0.246451 
0.06 0.239554 
0.06125 0.232168 
0.0625 0.224308 
0.06375 0.21599 
0.065 0.207231 
0.06625 0.198047 
0.0675 0.188457 
0.06875 0.17848 
0.07 0.168134 
0.07125 0.15744 
0.0725 0.146418 
0.07375 0.13509 
0.075 0.123476 
0.07625 0.111599 
0.0775 0.099482 
0.07875 0.0871463 
0.08 0.0746153 
0.08125 0.0619121 
0.0825 0.0490602 
0.08375 0.0360828 
0.085 0.0230037 
0.08625 0.00984635 
0.0875 -0.00336556 
0.08875 -0.0166085 
0.09 -0.0298589 
0.09125 -0.0430934 
0.0925 -0.0562889 
0.09375 -0.0694223 
0.095 -0.0824708 
0.09625 -0.095412 
0.0975 -0.108224 
0.09875 -0.120884 
0.1 -0.133372 
0.10125 -0.145665 
0.1025 -0.157745 
0.10375 -0.16959 
0.105 -0.181181 
0.10625 -0.192499 
0.1075 -0.203525 
0.10875 -0.214242 
0.11 -0.224632 
0.11125 -0.234679 
0.1125 -0.244366 
0.11375 -0.253679 
0.115 -0.262603 
0.11625 -0.271124 
0.1175 -0.279228 
0.11875 -0.286904 
0.12 -0.29414 
0.12125 -0.300924 
0.1225 -0.307247 
0.12375 -0.3131 
0.125 -0.318474 
0.12625 -0.323361 
0.1275 -0.327754 
0.12875 -0.331647 
0.13 -0.335036 
0.13125 -0.337915 
0.1325 -0.340281 
0.13375 -0.342131 
0.135 -0.343464 
0.13625 -0.344278 
0.1375 -0.344572 
0.13875 -0.344348 
0.14 -0.343605 
0.14125 -0.342348 
0.1425 -0.340577 
0.14375 -0.338298 
0.145 -0.335513 
0.14625 -0.332229 
0.1475 -0.328451 
0.14875 -0.324185 
0.15 -0.31944 
0.15125 -0.314222 
0.1525 -0.308541 
0.15375 -0.302405 
0.155 -0.295825 
0.15625 -0.288811 
0.1575 -0.281374 
0.15875 -0.273527 
0.16 -0.265281 
0.16125 -0.256649 
0.1625 -0.247644 
0.16375 -0.238281 
0.165 -0.228573 
0.16625 -0.218536 
0.1675 -0.208185 
0.16875 -0.197534 
0.17 -0.186601 
0.17125 -0.175402 
0.1725 -0.163953 
0.17375 -0.15227 
0.175 -0.140373 
0.17625 -0.128277 
0.1775 -0.116001 
0.17875 -0.103563 
0.18 -0.0909808 
0.18125 -0.0782725 
0.1825 -0.0654567 
0.18375 -0.0525518 
0.185 -0.0395764 
0.18625 -0.0265493 
0.1875 -0.0134889 
0.18875 -0.000414036 
0.19 0.0126568 
0.19125 0.0257049 
0.1925 0.038712 
0.19375 0.0516595 
0.195 0.0645293 
0.19625 0.0773033 
0.1975 0.0899634 
0.19875 0.102492 
0.2 0.114872 
0.20125 0.127085 
0.2025 0.139115 
0.20375 0.150946 
0.205 0.16256 
0.20625 0.173941 
0.2075 0.185075 
0.20875 0.195945 
0.21 0.206537 
0.21125 0.216836 
0.2125 0.226828 
0.21375 0.236499 
0.215 0.245837 
0.21625 0.254828 
0.2175 0.263461 
0.21875 0.271723 
0.22 0.279604 
0.22125 0.287092 
0.2225 0.294178 
0.22375 0.300852 
0.225 0.307106 
0.22625 0.31293 
0.2275 0.318317 
0.22875 0.323261 
0.23 0.327754 
0.23125 0.33179 
0.2325 0.335364 
0.23375 0.338472 
0.235 0.341109 
0.23625 0.343272 
0.2375 0.344959 
0.23875 0.346166 
0.24 0.346894 
0.24125 0.34714 
0.2425 0.346905 
0.24375 0.346189 
0.245 0.344994 
0.24625 0.343321 
0.2475 0.341173 
0.24875 0.338552 
0.25 0.335463 
0.25125 0.33191 
0.2525 0.327897 
0.25375 0.323431 
0.255 0.318518 
0.25625 0.313165 
0.2575 0.307378 
0.25875 0.301166 
0.26 0.294537 
0.26125 0.287502 
0.2625 0.280068 
0.26375 0.272247 
0.265 0.264049 
0.26625 0.255486 
0.2675 0.24657 
0.26875 0.237311 
0.27 0.227725 
0.27125 0.217822 
0.2725 0.207618 
0.27375 0.197126 
0.275 0.18636 
0.27625 0.175336 
0.2775 0.164068 
0.27875 0.152571 
0.28 0.140863 
0.28125 0.128959 
0.2825 0.116875 
0.28375 0.104628 
0.285 0.0922343 
0.28625 0.0797119 
0.2875 0.0670778 
0.28875 0.0543494 
0.29 0.0415444 
0.29125 0.0286806 
0.2925 0.0157756 
0.29375 0.00284762 
0.295 -0.0100855 
0.29625 -0.0230057 
0.2975 -0.035895 
0.29875 -0.0487353 
0.3 -0.0615087 
0.30125 -0.0741973 
0.3025 -0.0867832 
0.30375 -0.0992488 
0.305 -0.111576 
0.30625 -0.123749 
0.3075 -0.135749 
0.30875 -0.147559 
0.31 -0.159163 
0.31125 -0.170543 
0.3125 -0.181685 
0.31375 -0.192572 
0.315 -0.203188 
0.31625 -0.213518 
0.3175 -0.223546 
0.31875 -0.23326 
0.32 -0.242644 
0.32125 -0.251684 
0.3225 -0.260368 
0.32375 -0.268683 
0.325 -0.276616 
0.32625 -0.284155 
0.3275 -0.291291 
0.32875 -0.29801 
0.33 -0.304305 
0.33125 -0.310164 
0.3325 -0.31558 
0.33375 -0.320543 
0.335 -0.325047 
0.33625 -0.329083 
0.3375 -0.332646 
0.33875 -0.335729 
0.34 -0.338328 
0.34125 -0.340439 
0.3425 -0.342057 
0.34375 -0.34318 
0.345 -0.343805 
0.34625 -0.343931 
0.3475 -0.343556 
0.34875 -0.342682 
0.35 -0.341308 
0.35125 -0.339436 
0.3525 -0.337068 
0.35375 -0.334207 
0.355 -0.330856 
0.35625 -0.32702 
0.3575 -0.322704 
0.35875 -0.317915 
0.36 -0.312657 
0.36125 -0.30694 
0.3625 -0.30077 
0.36375 -0.294157 
0.365 -0.28711 
0.36625 -0.27964 
0.3675 -0.271757 
0.36875 -0.263472 
0.37 -0.254799 
0.37125 -0.245751 
0.3725 -0.236339 
0.37375 -0.22658 
0.375 -0.216487 
0.37625 -0.206077 
0.3775 -0.195364 
0.37875 -0.184367 
0.38 -0.173101 
0.38125 -0.161584 
0.3825 -0.149835 
0.38375 -0.137872 
0.385 -0.125714 
0.38625 -0.113381 
0.3875 -0.100892 
0.38875 -0.0882678 
0.39 -0.0755287 
0.39125 -0.0626956 
0.3925 -0.0497896 
0.39375 -0.0368322 
0.395 -0.0238448 
0.39625 -0.0108495 
0.3975 0.00213207 
0.39875 0.0150777 
0.4 0.0279652 
0.40125 0.0407725 
0.4025 0.0534774 
0.40375 0.0660576 
0.405 0.0784912 
0.40625 0.0907559 
0.4075 0.10283 
0.40875 0.114692 
0.41 0.12632 
0.41125 0.137693 
0.4125 0.148789 
0.41375 0.159589 
0.415 0.170072 
0.41625 0.180219 
0.4175 0.190008 
0.41875 0.199423 
0.42 0.208444 
0.42125 0.217053 
0.4225 0.225234 
0.42375 0.232969 
0.425 0.240243 
0.42625 0.247039 
0.4275 0.253345 
0.42875 0.259145 
0.43 0.264427 
0.43125 0.269178 
0.4325 0.273388 
0.43375 0.277046 
0.435 0.280143 
0.43625 0.282669 
0.4375 0.284618 
0.43875 0.285983 
0.44 0.286758 
0.44125 0.286938 
0.4425 0.286521 
0.44375 0.285504 
0.445 0.283886 
0.44625 0.281665 
0.4475 0.278845 
0.44875 0.275425 
0.45 0.27141 
0.45125 0.266803 
0.4525 0.261611 
0.45375 0.255838 
0.455 0.249494 
0.45625 0.242586 
0.4575 0.235125 
0.45875 0.22712 
0.46 0.218584 
0.46125 0.209529 
0.4625 0.199968 
0.46375 0.189918 
0.465 0.179392 
0.46625 0.168407 
0.4675 0.15698 
0.46875 0.145129 
0.47 0.132872 
0.47125 0.120228 
0.4725 0.107216 
0.47375 0.093856 
0.475 0.0801684 
0.47625 0.0661733 
0.4775 0.0518912 
0.47875 0.0373426 
0.48 0.0225477 
0.48125 0.00752684 
0.4825 -0.00770034 
0.48375 -0.0231146 
0.485 -0.0386972 
0.48625 -0.0544304 
0.4875 -0.0702973 
0.48875 -0.0862823 
0.49 -0.102371 
0.49125 -0.11855 
0.4925 -0.13481 
0.49375 -0.151139 
0.495 -0.167532 
0.49625 -0.183984 
0.4975 -0.200493 
0.49875 -0.217059 
0.5 -0.233687 


0.5 -0.233687 
0.50125 -0.217059 
0.5025 -0.200493 
0.50375 -0.183984 
0.505 -0.167532 
0.50625 -0.151139 
0.5075 -0.13481 
0.50875 -0.11855 
0.51 -0.102371 
0.51125 -0.0862823 
0.5125 -0.0702973 
0.51375 -0.0544304 
0.515 -0.0386972 
0.51625 -0.0231146 
0.5175 -0.00770034 
0.51875 0.00752684 
0.52 0.0225477 
0.52125 0.0373426 
0.5225 0.0518912 
0.52375 0.0661733 
0.525 0.0801684 
0.52625 0.093856 
0.5275 0.107216 
0.52875 0.120228 
0.53 0.132872 
0.53125 0.145129 
0.5325 0.15698 
0.53375 0.168407 
0.535 0.179392 
0.53625 0.189918 
0.5375 0.199968 
0.53875 0.209529 
0.54 0.218584 
0.54125 0.22712 
0.5425 0.235125 
0.54375 0.242586 
0.545 0.249494 
0.54625 0.255838 
0.5475 0.261611 
0.54875 0.266803 
0.55 0.27141 
0.55125 0.275425 
0.5525 0.278845 
0.55375 0.281665 
0.555 0.283886 
0.55625 0.285504 
0.5575 0.286521 
0.55875 0.286938 
0.56 0.286758 
0.56125 0.285983 
0.5625 0.284618 
0.56375 0.282669 
0.565 0.280143 
0.56625 0.277046 
0.5675 0.273388 
0.56875 0.269178 
0.57 0.264427 
0.57125 0.259145 
0.5725 0.253345 
0.57375 0.247039 
0.575 0.240243 
0.57625 0.232969 
0.5775 0.225234 
0.57875 0.217053 
0.58 0.208444 
0.58125 0.199423 
0.5825 0.190008 
0.58375 0.180219 
0.585 0.170072 
0.58625 0.159589 
0.5875 0.148789 
0.58875 0.137693 
0.59 0.12632 
0.59125 0.114692 
0.5925 0.10283 
0.59375 0.0907559 
0.595 0.0784912 
0.59625 0.0660576 
0.5975 0.0534774 
0.59875 0.0407725 
0.6 0.0279652 
0.60125 0.0150777 
0.6025 0.00213207 
0.60375 -0.0108495 
0.605 -0.0238448 
0.60625 -0.0368322 
0.6075 -0.0497896 
0.60875 -0.0626956 
0.61 -0.0755287 
0.61125 -0.0882678 
0.6125 -0.100892 
0.61375 -0.113381 
0.615 -0.125714 
0.61625 -0.137872 
0.6175 -0.149835 
0.61875 -0.161584 
0.62 -0.173101 
0.62125 -0.184367 
0.6225 -0.195364 
0.62375 -0.206077 
0.625 -0.216487 
0.62625 -0.22658 
0.6275 -0.236339 
0.62875 -0.245751 
0.63 -0.254799 
0.63125 -0.263472 
0.6325 -0.271757 
0.63375 -0.27964 
0.635 -0.28711 
0.63625 -0.294157 
0.6375 -0.30077 
0.63875 -0.30694 
0.64 -0.312657 
0.64125 -0.317915 
0.6425 -0.322704 
0.64375 -0.32702 
0.645 -0.330856 
0.64625 -0.334207 
0.6475 -0.337068 
0.64875 -0.339436 
0.65 -0.341308 
0.65125 -0.342682 
0.6525 -0.343556 
0.65375 -0.343931 
0.655 -0.343805 
0.65625 -0.34318 
0.6575 -0.342057 
0.65875 -0.340439 
0.66 -0.338328 
0.66125 -0.335729 
0.6625 -0.332646 
0.66375 -0.329083 
0.665 -0.325047 
0.66625 -0.320543 
0.6675 -0.31558 
0.66875 -0.310164 
0.67 -0.304305 
0.67125 -0.29801 
0.6725 -0.291291 
0.67375 -0.284155 
0.675 -0.276616 
0.67625 -0.268683 
0.6775 -0.260368 
0.67875 -0.251684 
0.68 -0.242644 
0.68125 -0.23326 
0.6825 -0.223546 
0.68375 -0.213518 
0.685 -0.203188 
0.68625 -0.192572 
0.6875 -0.181685 
0.68875 -0.170543 
0.69 -0.159163 
0.69125 -0.147559 
0.6925 -0.135749 
0.69375 -0.123749 
0.695 -0.111576 
0.69625 -0.0992488 
0.6975 -0.0867832 
0.69875 -0.0741973 
0.7 -0.0615087 
0.70125 -0.0487353 
0.7025 -0.035895 
0.70375 -0.0230057 
0.705 -0.0100855 
0.70625 0.00284762 
0.7075 0.0157756 
0.70875 0.0286806 
0.71 0.0415444 
0.71125 0.0543494 
0.7125 0.0670778 
0.71375 0.0797119 
0.715 0.0922343 
0.71625 0.104628 
0.7175 0.116875 
0.71875 0.128959 
0.72 0.140863 
0.72125 0.152571 
0.7225 0.164068 
0.72375 0.175336 
0.725 0.18636 
0.72625 0.197126 
0.7275 0.207618 
0.72875 0.217822 
0.73 0.227725 
0.73125 0.237311 
0.7325 0.24657 
0.73375 0.255486 
0.735 0.264049 
0.73625 0.272247 
0.7375 0.280068 
0.73875 0.287502 
0.74 0.294537 
0.74125 0.301166 
0.7425 0.307378 
0.74375 0.313165 
0.745 0.318518 
0.74625 0.323431 
0.7475 0.327897 
0.74875 0.33191 
0.75 0.335463 
0.75125 0.338552 
0.7525 0.341173 
0.75375 0.343321 
0.755 0.344994 
0.75625 0.346189 
0.7575 0.346905 
0.75875 0.34714 
0.76 0.346894 
0.76125 0.346166 
0.7625 0.344959 
0.76375 0.343272 
0.765 0.341109 
0.76625 0.338472 
0.7675 0.335364 
0.76875 0.33179 
0.77 0.327754 
0.77125 0.323261 
0.7725 0.318317 
0.77375 0.31293 
0.775 0.307106 
0.77625 0.300852 
0.7775 0.294178 
0.77875 0.287092 
0.78 0.279604 
0.78125 0.271723 
0.7825 0.263461 
0.78375 0.254828 
0.785 0.245837 
0.78625 0.236499 
0.7875 0.226828 
0.78875 0.216836 
0.79 0.206537 
0.79125 0.195945 
0.7925 0.185075 
0.79375 0.173941 
0.795 0.16256 
0.79625 0.150946 
0.7975 0.139115 
0.79875 0.127085 
0.8 0.114872 
0.80125 0.102492 
0.8025 0.0899634 
0.80375 0.0773033 
0.805 0.0645293 
0.80625 0.0516595 
0.8075 0.038712 
0.80875 0.0257049 
0.81 0.0126568 
0.81125 -0.000414036 
0.8125 -0.0134889 
0.81375 -0.0265493 
0.815 -0.0395764 
0.81625 -0.0525518 
0.8175 -0.0654567 
0.81875 -0.0782725 
0.82 -0.0909808 
0.82125 -0.103563 
0.8225 -0.116001 
0.82375 -0.128277 
0.825 -0.140373 
0.82625 -0.15227 
0.8275 -0.163953 
0.82875 -0.175402 
0.83 -0.186601 
0.83125 -0.197534 
0.8325 -0.208185 
0.83375 -0.218536 
0.835 -0.228573 
0.83625 -0.238281 
0.8375 -0.247644 
0.83875 -0.256649 
0.84 -0.265281 
0.84125 -0.273527 
0.8425 -0.281374 
0.84375 -0.288811 
0.845 -0.295825 
0.84625 -0.302405 
0.8475 -0.308541 
0.84875 -0.314222 
0.85 -0.31944 
0.85125 -0.324185 
0.8525 -0.328451 
0.85375 -0.332229 
0.855 -0.335513 
0.85625 -0.338298 
0.8575 -0.340577 
0.85875 -0.342348 
0.86 -0.343605 
0.86125 -0.344348 
0.8625 -0.344572 
0.86375 -0.344278 
0.865 -0.343464 
0.86625 -0.342131 
0.8675 -0.340281 
0.86875 -0.337915 
0.87 -0.335036 
0.87125 -0.331647 
0.8725 -0.327754 
0.87375 -0.323361 
0.875 -0.318474 
0.87625 -0.3131 
0.8775 -0.307247 
0.87875 -0.300924 
0.88 -0.29414 
0.88125 -0.286904 
0.8825 -0.279228 
0.88375 -0.271124 
0.885 -0.262603 
0.88625 -0.253679 
0.8875 -0.244366 
0.88875 -0.234679 
0.89 -0.224632 
0.89125 -0.214242 
0.8925 -0.203525 
0.89375 -0.192499 
0.895 -0.181181 
0.89625 -0.16959 
0.8975 -0.157745 
0.89875 -0.145665 
0.9 -0.133372 
0.90125 -0.120884 
0.9025 -0.108224 
0.90375 -0.095412 
0.905 -0.0824708 
0.90625 -0.0694223 
0.9075 -0.0562889 
0.90875 -0.0430934 
0.91 -0.0298589 
0.91125 -0.0166085 
0.9125 -0.00336556 
0.91375 0.00984635 
0.915 0.0230037 
0.91625 0.0360828 
0.9175 0.0490602 
0.91875 0.0619121 
0.92 0.0746153 
0.92125 0.0871463 
0.9225 0.099482 
0.92375 0.111599 
0.925 0.123476 
0.92625 0.13509 
0.9275 0.146418 
0.92875 0.15744 
0.93 0.168134 
0.93125 0.17848 
0.9325 0.188457 
0.93375 0.198047 
0.935 0.207231 
0.93625 0.21599 
0.9375 0.224308 
0.93875 0.232168 
0.94 0.239554 
0.94125 0.246451 
0.9425 0.252846 
0.94375 0.258726 
0.945 0.264078 
0.94625 0.268892 
0.9475 0.273159 
0.94875 0.276868 
0.95 0.280013 
0.95125 0.282588 
0.9525 0.284586 
0.95375 0.286005 
0.955 0.286841 
0.95625 0.287092 
0.9575 0.286758 
0.95875 0.285841 
0.96 0.284343 
0.96125 0.282266 
0.9625 0.279616 
0.96375 0.276399 
0.965 0.272622 
0.96625 0.268294 
0.9675 0.263425 
0.96875 0.258025 
0.97 0.252107 
0.97125 0.245685 
0.9725 0.238771 
0.97375 0.231382 
0.975 0.223535 
0.97625 0.215246 
0.9775 0.206533 
0.97875 0.197416 
0.98 0.187914 
0.98125 0.178046 
0.9825 0.167834 
0.98375 0.157298 
0.985 0.14646 
0.98625 0.135339 
0.9875 0.123958 
0.98875 0.112337 
0.99 0.100496 
0.99125 0.0884556 
0.9925 0.0762338 
0.99375 0.0638487 
0.995 0.051317 
0.99625 0.0386539 
0.9975 0.0258728 
0.99875 0.0129851 
1 0 


