# This file was generated by the deal.II library.
# Date =  2020/5/1
# Time =  12:51:31
#
# For a description of the GNUPLOT format see the GNUPLOT manual.
#
# <x> <EF_B_0> 
0 0 
0.00125 0.000876096 
0.0025 0.00175219 
0.00375 0.00262829 
0.005 0.00350438 
0.00625 0.00438048 
0.0075 0.00525657 
0.00875 0.00613267 
0.01 0.00700877 
0.01125 0.00788486 
0.0125 0.00876096 
0.01375 0.00963705 
0.015 0.0105131 
0.01625 0.0113892 
0.0175 0.0122653 
0.01875 0.0131414 
0.02 0.0140175 
0.02125 0.0148936 
0.0225 0.0157697 
0.02375 0.0166458 
0.025 0.0175219 
0.02625 0.018398 
0.0275 0.0192741 
0.02875 0.0201502 
0.03 0.0210263 
0.03125 0.0219024 
0.0325 0.0227785 
0.03375 0.0236546 
0.035 0.0245307 
0.03625 0.0254068 
0.0375 0.0262829 
0.03875 0.027159 
0.04 0.0280351 
0.04125 0.0289112 
0.0425 0.0297873 
0.04375 0.0306634 
0.045 0.0315394 
0.04625 0.0324155 
0.0475 0.0332916 
0.04875 0.0341677 
0.05 0.0350438 
0.05125 0.0359199 
0.0525 0.036796 
0.05375 0.0376721 
0.055 0.0385482 
0.05625 0.0394243 
0.0575 0.0403004 
0.05875 0.0411765 
0.06 0.0420526 
0.06125 0.0429287 
0.0625 0.0438048 
0.06375 0.0446809 
0.065 0.045557 
0.06625 0.0464331 
0.0675 0.0473092 
0.06875 0.0481853 
0.07 0.0490614 
0.07125 0.0499375 
0.0725 0.0508136 
0.07375 0.0516897 
0.075 0.0525657 
0.07625 0.0534418 
0.0775 0.0543179 
0.07875 0.055194 
0.08 0.0560701 
0.08125 0.0569462 
0.0825 0.0578223 
0.08375 0.0586984 
0.085 0.0595745 
0.08625 0.0604506 
0.0875 0.0613267 
0.08875 0.0622028 
0.09 0.0630789 
0.09125 0.063955 
0.0925 0.0648311 
0.09375 0.0657072 
0.095 0.0665833 
0.09625 0.0674594 
0.0975 0.0683355 
0.09875 0.0692116 
0.1 0.0700877 
0.10125 0.0709638 
0.1025 0.0718399 
0.10375 0.072716 
0.105 0.073592 
0.10625 0.0744681 
0.1075 0.0753442 
0.10875 0.0762203 
0.11 0.0770964 
0.11125 0.0779725 
0.1125 0.0788486 
0.11375 0.0797247 
0.115 0.0806008 
0.11625 0.0814769 
0.1175 0.082353 
0.11875 0.0832291 
0.12 0.0841052 
0.12125 0.0849813 
0.1225 0.0858574 
0.12375 0.0867335 
0.125 0.0876096 
0.12625 0.0884857 
0.1275 0.0893618 
0.12875 0.0902379 
0.13 0.091114 
0.13125 0.0919901 
0.1325 0.0928662 
0.13375 0.0937423 
0.135 0.0946184 
0.13625 0.0954944 
0.1375 0.0963705 
0.13875 0.0972466 
0.14 0.0981227 
0.14125 0.0989988 
0.1425 0.0998749 
0.14375 0.100751 
0.145 0.101627 
0.14625 0.102503 
0.1475 0.103379 
0.14875 0.104255 
0.15 0.105131 
0.15125 0.106008 
0.1525 0.106884 
0.15375 0.10776 
0.155 0.108636 
0.15625 0.109512 
0.1575 0.110388 
0.15875 0.111264 
0.16 0.11214 
0.16125 0.113016 
0.1625 0.113892 
0.16375 0.114769 
0.165 0.115645 
0.16625 0.116521 
0.1675 0.117397 
0.16875 0.118273 
0.17 0.119149 
0.17125 0.120025 
0.1725 0.120901 
0.17375 0.121777 
0.175 0.122653 
0.17625 0.12353 
0.1775 0.124406 
0.17875 0.125282 
0.18 0.126158 
0.18125 0.127034 
0.1825 0.12791 
0.18375 0.128786 
0.185 0.129662 
0.18625 0.130538 
0.1875 0.131414 
0.18875 0.13229 
0.19 0.133167 
0.19125 0.134043 
0.1925 0.134919 
0.19375 0.135795 
0.195 0.136671 
0.19625 0.137547 
0.1975 0.138423 
0.19875 0.139299 
0.2 0.140175 
0.20125 0.141051 
0.2025 0.141928 
0.20375 0.142804 
0.205 0.14368 
0.20625 0.144556 
0.2075 0.145432 
0.20875 0.146308 
0.21 0.147184 
0.21125 0.14806 
0.2125 0.148936 
0.21375 0.149812 
0.215 0.150688 
0.21625 0.151565 
0.2175 0.152441 
0.21875 0.153317 
0.22 0.154193 
0.22125 0.155069 
0.2225 0.155945 
0.22375 0.156821 
0.225 0.157697 
0.22625 0.158573 
0.2275 0.159449 
0.22875 0.160326 
0.23 0.161202 
0.23125 0.162078 
0.2325 0.162954 
0.23375 0.16383 
0.235 0.164706 
0.23625 0.165582 
0.2375 0.166458 
0.23875 0.167334 
0.24 0.16821 
0.24125 0.169086 
0.2425 0.169963 
0.24375 0.170839 
0.245 0.171715 
0.24625 0.172591 
0.2475 0.173467 
0.24875 0.174343 
0.25 0.175219 
0.25125 0.176095 
0.2525 0.176971 
0.25375 0.177847 
0.255 0.178724 
0.25625 0.1796 
0.2575 0.180476 
0.25875 0.181352 
0.26 0.182228 
0.26125 0.183104 
0.2625 0.18398 
0.26375 0.184856 
0.265 0.185732 
0.26625 0.186608 
0.2675 0.187485 
0.26875 0.188361 
0.27 0.189237 
0.27125 0.190113 
0.2725 0.190989 
0.27375 0.191865 
0.275 0.192741 
0.27625 0.193617 
0.2775 0.194493 
0.27875 0.195369 
0.28 0.196245 
0.28125 0.197122 
0.2825 0.197998 
0.28375 0.198874 
0.285 0.19975 
0.28625 0.200626 
0.2875 0.201502 
0.28875 0.202378 
0.29 0.203254 
0.29125 0.20413 
0.2925 0.205006 
0.29375 0.205883 
0.295 0.206759 
0.29625 0.207635 
0.2975 0.208511 
0.29875 0.209387 
0.3 0.210263 
0.30125 0.211139 
0.3025 0.212015 
0.30375 0.212891 
0.305 0.213767 
0.30625 0.214643 
0.3075 0.21552 
0.30875 0.216396 
0.31 0.217272 
0.31125 0.218148 
0.3125 0.219024 
0.31375 0.2199 
0.315 0.220776 
0.31625 0.221652 
0.3175 0.222528 
0.31875 0.223404 
0.32 0.224281 
0.32125 0.225157 
0.3225 0.226033 
0.32375 0.226909 
0.325 0.227785 
0.32625 0.228661 
0.3275 0.229537 
0.32875 0.230413 
0.33 0.231289 
0.33125 0.232165 
0.3325 0.233041 
0.33375 0.233918 
0.335 0.234794 
0.33625 0.23567 
0.3375 0.236546 
0.33875 0.237422 
0.34 0.238298 
0.34125 0.239174 
0.3425 0.24005 
0.34375 0.240926 
0.345 0.241802 
0.34625 0.242679 
0.3475 0.243555 
0.34875 0.244431 
0.35 0.245307 
0.35125 0.246183 
0.3525 0.247059 
0.35375 0.247935 
0.355 0.248811 
0.35625 0.249687 
0.3575 0.250563 
0.35875 0.251439 
0.36 0.252316 
0.36125 0.253192 
0.3625 0.254068 
0.36375 0.254944 
0.365 0.25582 
0.36625 0.256696 
0.3675 0.257572 
0.36875 0.258448 
0.37 0.259324 
0.37125 0.2602 
0.3725 0.261077 
0.37375 0.261953 
0.375 0.262829 
0.37625 0.263705 
0.3775 0.264581 
0.37875 0.265457 
0.38 0.266333 
0.38125 0.267209 
0.3825 0.268085 
0.38375 0.268961 
0.385 0.269837 
0.38625 0.270714 
0.3875 0.27159 
0.38875 0.272466 
0.39 0.273342 
0.39125 0.274218 
0.3925 0.275094 
0.39375 0.27597 
0.395 0.276846 
0.39625 0.277722 
0.3975 0.278598 
0.39875 0.279475 
0.4 0.280351 
0.40125 0.281227 
0.4025 0.282103 
0.40375 0.282979 
0.405 0.283855 
0.40625 0.284731 
0.4075 0.285607 
0.40875 0.286483 
0.41 0.287359 
0.41125 0.288236 
0.4125 0.289112 
0.41375 0.289988 
0.415 0.290864 
0.41625 0.29174 
0.4175 0.292616 
0.41875 0.293492 
0.42 0.294368 
0.42125 0.295244 
0.4225 0.29612 
0.42375 0.296996 
0.425 0.297873 
0.42625 0.298749 
0.4275 0.299625 
0.42875 0.300501 
0.43 0.301377 
0.43125 0.302253 
0.4325 0.303129 
0.43375 0.304005 
0.435 0.304881 
0.43625 0.305757 
0.4375 0.306634 
0.43875 0.30751 
0.44 0.308386 
0.44125 0.309262 
0.4425 0.310138 
0.44375 0.311014 
0.445 0.31189 
0.44625 0.312766 
0.4475 0.313642 
0.44875 0.314518 
0.45 0.315394 
0.45125 0.316271 
0.4525 0.317147 
0.45375 0.318023 
0.455 0.318899 
0.45625 0.319775 
0.4575 0.320651 
0.45875 0.321527 
0.46 0.322403 
0.46125 0.323279 
0.4625 0.324155 
0.46375 0.325032 
0.465 0.325908 
0.46625 0.326784 
0.4675 0.32766 
0.46875 0.328536 
0.47 0.329412 
0.47125 0.330288 
0.4725 0.331164 
0.47375 0.33204 
0.475 0.332916 
0.47625 0.333793 
0.4775 0.334669 
0.47875 0.335545 
0.48 0.336421 
0.48125 0.337297 
0.4825 0.338173 
0.48375 0.339049 
0.485 0.339925 
0.48625 0.340801 
0.4875 0.341677 
0.48875 0.342553 
0.49 0.34343 
0.49125 0.344306 
0.4925 0.345182 
0.49375 0.346058 
0.495 0.346934 
0.49625 0.34781 
0.4975 0.348686 
0.49875 0.349562 
0.5 0.350438 


0.5 0.350438 
0.50125 0.349562 
0.5025 0.348686 
0.50375 0.34781 
0.505 0.346934 
0.50625 0.346058 
0.5075 0.345182 
0.50875 0.344306 
0.51 0.34343 
0.51125 0.342553 
0.5125 0.341677 
0.51375 0.340801 
0.515 0.339925 
0.51625 0.339049 
0.5175 0.338173 
0.51875 0.337297 
0.52 0.336421 
0.52125 0.335545 
0.5225 0.334669 
0.52375 0.333793 
0.525 0.332916 
0.52625 0.33204 
0.5275 0.331164 
0.52875 0.330288 
0.53 0.329412 
0.53125 0.328536 
0.5325 0.32766 
0.53375 0.326784 
0.535 0.325908 
0.53625 0.325032 
0.5375 0.324155 
0.53875 0.323279 
0.54 0.322403 
0.54125 0.321527 
0.5425 0.320651 
0.54375 0.319775 
0.545 0.318899 
0.54625 0.318023 
0.5475 0.317147 
0.54875 0.316271 
0.55 0.315394 
0.55125 0.314518 
0.5525 0.313642 
0.55375 0.312766 
0.555 0.31189 
0.55625 0.311014 
0.5575 0.310138 
0.55875 0.309262 
0.56 0.308386 
0.56125 0.30751 
0.5625 0.306634 
0.56375 0.305757 
0.565 0.304881 
0.56625 0.304005 
0.5675 0.303129 
0.56875 0.302253 
0.57 0.301377 
0.57125 0.300501 
0.5725 0.299625 
0.57375 0.298749 
0.575 0.297873 
0.57625 0.296996 
0.5775 0.29612 
0.57875 0.295244 
0.58 0.294368 
0.58125 0.293492 
0.5825 0.292616 
0.58375 0.29174 
0.585 0.290864 
0.58625 0.289988 
0.5875 0.289112 
0.58875 0.288236 
0.59 0.287359 
0.59125 0.286483 
0.5925 0.285607 
0.59375 0.284731 
0.595 0.283855 
0.59625 0.282979 
0.5975 0.282103 
0.59875 0.281227 
0.6 0.280351 
0.60125 0.279475 
0.6025 0.278598 
0.60375 0.277722 
0.605 0.276846 
0.60625 0.27597 
0.6075 0.275094 
0.60875 0.274218 
0.61 0.273342 
0.61125 0.272466 
0.6125 0.27159 
0.61375 0.270714 
0.615 0.269837 
0.61625 0.268961 
0.6175 0.268085 
0.61875 0.267209 
0.62 0.266333 
0.62125 0.265457 
0.6225 0.264581 
0.62375 0.263705 
0.625 0.262829 
0.62625 0.261953 
0.6275 0.261077 
0.62875 0.2602 
0.63 0.259324 
0.63125 0.258448 
0.6325 0.257572 
0.63375 0.256696 
0.635 0.25582 
0.63625 0.254944 
0.6375 0.254068 
0.63875 0.253192 
0.64 0.252316 
0.64125 0.251439 
0.6425 0.250563 
0.64375 0.249687 
0.645 0.248811 
0.64625 0.247935 
0.6475 0.247059 
0.64875 0.246183 
0.65 0.245307 
0.65125 0.244431 
0.6525 0.243555 
0.65375 0.242679 
0.655 0.241802 
0.65625 0.240926 
0.6575 0.24005 
0.65875 0.239174 
0.66 0.238298 
0.66125 0.237422 
0.6625 0.236546 
0.66375 0.23567 
0.665 0.234794 
0.66625 0.233918 
0.6675 0.233041 
0.66875 0.232165 
0.67 0.231289 
0.67125 0.230413 
0.6725 0.229537 
0.67375 0.228661 
0.675 0.227785 
0.67625 0.226909 
0.6775 0.226033 
0.67875 0.225157 
0.68 0.224281 
0.68125 0.223404 
0.6825 0.222528 
0.68375 0.221652 
0.685 0.220776 
0.68625 0.2199 
0.6875 0.219024 
0.68875 0.218148 
0.69 0.217272 
0.69125 0.216396 
0.6925 0.21552 
0.69375 0.214643 
0.695 0.213767 
0.69625 0.212891 
0.6975 0.212015 
0.69875 0.211139 
0.7 0.210263 
0.70125 0.209387 
0.7025 0.208511 
0.70375 0.207635 
0.705 0.206759 
0.70625 0.205883 
0.7075 0.205006 
0.70875 0.20413 
0.71 0.203254 
0.71125 0.202378 
0.7125 0.201502 
0.71375 0.200626 
0.715 0.19975 
0.71625 0.198874 
0.7175 0.197998 
0.71875 0.197122 
0.72 0.196245 
0.72125 0.195369 
0.7225 0.194493 
0.72375 0.193617 
0.725 0.192741 
0.72625 0.191865 
0.7275 0.190989 
0.72875 0.190113 
0.73 0.189237 
0.73125 0.188361 
0.7325 0.187485 
0.73375 0.186608 
0.735 0.185732 
0.73625 0.184856 
0.7375 0.18398 
0.73875 0.183104 
0.74 0.182228 
0.74125 0.181352 
0.7425 0.180476 
0.74375 0.1796 
0.745 0.178724 
0.74625 0.177847 
0.7475 0.176971 
0.74875 0.176095 
0.75 0.175219 
0.75125 0.174343 
0.7525 0.173467 
0.75375 0.172591 
0.755 0.171715 
0.75625 0.170839 
0.7575 0.169963 
0.75875 0.169086 
0.76 0.16821 
0.76125 0.167334 
0.7625 0.166458 
0.76375 0.165582 
0.765 0.164706 
0.76625 0.16383 
0.7675 0.162954 
0.76875 0.162078 
0.77 0.161202 
0.77125 0.160326 
0.7725 0.159449 
0.77375 0.158573 
0.775 0.157697 
0.77625 0.156821 
0.7775 0.155945 
0.77875 0.155069 
0.78 0.154193 
0.78125 0.153317 
0.7825 0.152441 
0.78375 0.151565 
0.785 0.150688 
0.78625 0.149812 
0.7875 0.148936 
0.78875 0.14806 
0.79 0.147184 
0.79125 0.146308 
0.7925 0.145432 
0.79375 0.144556 
0.795 0.14368 
0.79625 0.142804 
0.7975 0.141928 
0.79875 0.141051 
0.8 0.140175 
0.80125 0.139299 
0.8025 0.138423 
0.80375 0.137547 
0.805 0.136671 
0.80625 0.135795 
0.8075 0.134919 
0.80875 0.134043 
0.81 0.133167 
0.81125 0.13229 
0.8125 0.131414 
0.81375 0.130538 
0.815 0.129662 
0.81625 0.128786 
0.8175 0.12791 
0.81875 0.127034 
0.82 0.126158 
0.82125 0.125282 
0.8225 0.124406 
0.82375 0.12353 
0.825 0.122653 
0.82625 0.121777 
0.8275 0.120901 
0.82875 0.120025 
0.83 0.119149 
0.83125 0.118273 
0.8325 0.117397 
0.83375 0.116521 
0.835 0.115645 
0.83625 0.114769 
0.8375 0.113892 
0.83875 0.113016 
0.84 0.11214 
0.84125 0.111264 
0.8425 0.110388 
0.84375 0.109512 
0.845 0.108636 
0.84625 0.10776 
0.8475 0.106884 
0.84875 0.106008 
0.85 0.105131 
0.85125 0.104255 
0.8525 0.103379 
0.85375 0.102503 
0.855 0.101627 
0.85625 0.100751 
0.8575 0.0998749 
0.85875 0.0989988 
0.86 0.0981227 
0.86125 0.0972466 
0.8625 0.0963705 
0.86375 0.0954944 
0.865 0.0946184 
0.86625 0.0937423 
0.8675 0.0928662 
0.86875 0.0919901 
0.87 0.091114 
0.87125 0.0902379 
0.8725 0.0893618 
0.87375 0.0884857 
0.875 0.0876096 
0.87625 0.0867335 
0.8775 0.0858574 
0.87875 0.0849813 
0.88 0.0841052 
0.88125 0.0832291 
0.8825 0.082353 
0.88375 0.0814769 
0.885 0.0806008 
0.88625 0.0797247 
0.8875 0.0788486 
0.88875 0.0779725 
0.89 0.0770964 
0.89125 0.0762203 
0.8925 0.0753442 
0.89375 0.0744681 
0.895 0.073592 
0.89625 0.072716 
0.8975 0.0718399 
0.89875 0.0709638 
0.9 0.0700877 
0.90125 0.0692116 
0.9025 0.0683355 
0.90375 0.0674594 
0.905 0.0665833 
0.90625 0.0657072 
0.9075 0.0648311 
0.90875 0.063955 
0.91 0.0630789 
0.91125 0.0622028 
0.9125 0.0613267 
0.91375 0.0604506 
0.915 0.0595745 
0.91625 0.0586984 
0.9175 0.0578223 
0.91875 0.0569462 
0.92 0.0560701 
0.92125 0.055194 
0.9225 0.0543179 
0.92375 0.0534418 
0.925 0.0525657 
0.92625 0.0516897 
0.9275 0.0508136 
0.92875 0.0499375 
0.93 0.0490614 
0.93125 0.0481853 
0.9325 0.0473092 
0.93375 0.0464331 
0.935 0.045557 
0.93625 0.0446809 
0.9375 0.0438048 
0.93875 0.0429287 
0.94 0.0420526 
0.94125 0.0411765 
0.9425 0.0403004 
0.94375 0.0394243 
0.945 0.0385482 
0.94625 0.0376721 
0.9475 0.036796 
0.94875 0.0359199 
0.95 0.0350438 
0.95125 0.0341677 
0.9525 0.0332916 
0.95375 0.0324155 
0.955 0.0315394 
0.95625 0.0306634 
0.9575 0.0297873 
0.95875 0.0289112 
0.96 0.0280351 
0.96125 0.027159 
0.9625 0.0262829 
0.96375 0.0254068 
0.965 0.0245307 
0.96625 0.0236546 
0.9675 0.0227785 
0.96875 0.0219024 
0.97 0.0210263 
0.97125 0.0201502 
0.9725 0.0192741 
0.97375 0.018398 
0.975 0.0175219 
0.97625 0.0166458 
0.9775 0.0157697 
0.97875 0.0148936 
0.98 0.0140175 
0.98125 0.0131414 
0.9825 0.0122653 
0.98375 0.0113892 
0.985 0.0105131 
0.98625 0.00963705 
0.9875 0.00876096 
0.98875 0.00788486 
0.99 0.00700877 
0.99125 0.00613267 
0.9925 0.00525657 
0.99375 0.00438048 
0.995 0.00350438 
0.99625 0.00262829 
0.9975 0.00175219 
0.99875 0.000876096 
1 0 


