# This file was generated by the deal.II library.
# Date =  2020/5/1
# Time =  12:51:31
#
# For a description of the GNUPLOT format see the GNUPLOT manual.
#
# <x> <EF_L_20> 
0 0 
0.00125 -0.00792496 
0.0025 -0.0134065 
0.00375 -0.0168188 
0.005 -0.0184991 
0.00625 -0.0187504 
0.0075 -0.017844 
0.00875 -0.0160216 
0.01 -0.0134976 
0.01125 -0.0104611 
0.0125 -0.00707778 
0.01375 -0.00349198 
0.015 0.000171802 
0.01625 0.00380717 
0.0175 0.00732425 
0.01875 0.0106483 
0.02 0.0137183 
0.02125 0.0164856 
0.0225 0.0189129 
0.02375 0.0209729 
0.025 0.0226473 
0.02625 0.0239259 
0.0275 0.0248057 
0.02875 0.0252897 
0.03 0.0253866 
0.03125 0.0251097 
0.0325 0.0244764 
0.03375 0.0235072 
0.035 0.0222258 
0.03625 0.0206579 
0.0375 0.0188309 
0.03875 0.0167737 
0.04 0.014516 
0.04125 0.012088 
0.0425 0.00952006 
0.04375 0.00684248 
0.045 0.00408509 
0.04625 0.00127711 
0.0475 -0.00155311 
0.04875 -0.00437826 
0.05 -0.00717224 
0.05125 -0.00991032 
0.0525 -0.0125692 
0.05375 -0.0151272 
0.055 -0.0175642 
0.05625 -0.0198618 
0.0575 -0.0220034 
0.05875 -0.0239742 
0.06 -0.0257611 
0.06125 -0.0273528 
0.0625 -0.0287399 
0.06375 -0.0299145 
0.065 -0.0308708 
0.06625 -0.0316043 
0.0675 -0.0321125 
0.06875 -0.0323942 
0.07 -0.03245 
0.07125 -0.0322817 
0.0725 -0.0318927 
0.07375 -0.0312877 
0.075 -0.0304725 
0.07625 -0.0294541 
0.0775 -0.0282408 
0.07875 -0.0268416 
0.08 -0.0252667 
0.08125 -0.0235267 
0.0825 -0.0216335 
0.08375 -0.0195991 
0.085 -0.0174365 
0.08625 -0.015159 
0.0875 -0.0127801 
0.08875 -0.010314 
0.09 -0.00777492 
0.09125 -0.00517717 
0.0925 -0.00253527 
0.09375 0.000136305 
0.095 0.00282315 
0.09625 0.00551098 
0.0975 0.00818574 
0.09875 0.0108336 
0.1 0.0134411 
0.10125 0.0159951 
0.1025 0.0184829 
0.10375 0.0208923 
0.105 0.0232116 
0.10625 0.0254298 
0.1075 0.0275363 
0.10875 0.0295212 
0.11 0.0313753 
0.11125 0.0330901 
0.1125 0.0346578 
0.11375 0.0360714 
0.115 0.0373245 
0.11625 0.0384117 
0.1175 0.0393281 
0.11875 0.0400699 
0.12 0.0406337 
0.12125 0.0410174 
0.1225 0.0412192 
0.12375 0.0412383 
0.125 0.0410748 
0.12625 0.0407293 
0.1275 0.0402034 
0.12875 0.0394992 
0.13 0.0386197 
0.13125 0.0375685 
0.1325 0.03635 
0.13375 0.0349689 
0.135 0.0334311 
0.13625 0.0317425 
0.1375 0.02991 
0.13875 0.0279408 
0.14 0.0258427 
0.14125 0.0236238 
0.1425 0.021293 
0.14375 0.0188592 
0.145 0.0163319 
0.14625 0.0137207 
0.1475 0.0110359 
0.14875 0.00828754 
0.15 0.00548622 
0.15125 0.00264257 
0.1525 -0.000232618 
0.15375 -0.00312847 
0.155 -0.00603404 
0.15625 -0.0089384 
0.1575 -0.0118306 
0.15875 -0.0146998 
0.16 -0.0175352 
0.16125 -0.0203262 
0.1625 -0.0230624 
0.16375 -0.0257334 
0.165 -0.0283292 
0.16625 -0.0308401 
0.1675 -0.0332567 
0.16875 -0.0355698 
0.17 -0.0377706 
0.17125 -0.0398508 
0.1725 -0.0418024 
0.17375 -0.0436178 
0.175 -0.0452902 
0.17625 -0.0468128 
0.1775 -0.0481795 
0.17875 -0.0493849 
0.18 -0.050424 
0.18125 -0.0512922 
0.1825 -0.0519858 
0.18375 -0.0525013 
0.185 -0.0528361 
0.18625 -0.052988 
0.1875 -0.0529556 
0.18875 -0.0527379 
0.19 -0.0523347 
0.19125 -0.0517462 
0.1925 -0.0509734 
0.19375 -0.0500179 
0.195 -0.0488817 
0.19625 -0.0475676 
0.1975 -0.0460789 
0.19875 -0.0444196 
0.2 -0.0425941 
0.20125 -0.0406075 
0.2025 -0.0384652 
0.20375 -0.0361736 
0.205 -0.033739 
0.20625 -0.0311687 
0.2075 -0.0284702 
0.20875 -0.0256516 
0.21 -0.0227212 
0.21125 -0.019688 
0.2125 -0.016561 
0.21375 -0.01335 
0.215 -0.0100647 
0.21625 -0.00671545 
0.2175 -0.00331256 
0.21875 0.000133258 
0.22 0.00361112 
0.22125 0.00710997 
0.2225 0.0106186 
0.22375 0.0141258 
0.225 0.0176202 
0.22625 0.0210903 
0.2275 0.0245247 
0.22875 0.0279121 
0.23 0.0312411 
0.23125 0.0345005 
0.2325 0.0376793 
0.23375 0.0407664 
0.235 0.0437512 
0.23625 0.0466231 
0.2375 0.0493719 
0.23875 0.0519877 
0.24 0.0544608 
0.24125 0.0567819 
0.2425 0.0589423 
0.24375 0.0609334 
0.245 0.0627472 
0.24625 0.0643761 
0.2475 0.0658132 
0.24875 0.0670519 
0.25 0.0680862 
0.25125 0.0689107 
0.2525 0.0695207 
0.25375 0.0699118 
0.255 0.0700806 
0.25625 0.0700242 
0.2575 0.0697402 
0.25875 0.0692271 
0.26 0.068484 
0.26125 0.0675107 
0.2625 0.0663077 
0.26375 0.0648762 
0.265 0.0632183 
0.26625 0.0613365 
0.2675 0.0592342 
0.26875 0.0569156 
0.27 0.0543855 
0.27125 0.0516494 
0.2725 0.0487136 
0.27375 0.045585 
0.275 0.0422713 
0.27625 0.0387807 
0.2775 0.0351222 
0.27875 0.0313055 
0.28 0.0273407 
0.28125 0.0232387 
0.2825 0.0190108 
0.28375 0.0146691 
0.285 0.0102259 
0.28625 0.00569433 
0.2875 0.00108774 
0.28875 -0.00357998 
0.29 -0.00829459 
0.29125 -0.0130414 
0.2925 -0.0178056 
0.29375 -0.0225718 
0.295 -0.0273246 
0.29625 -0.0320484 
0.2975 -0.0367272 
0.29875 -0.0413452 
0.3 -0.0458863 
0.30125 -0.0503345 
0.3025 -0.0546738 
0.30375 -0.0588882 
0.305 -0.062962 
0.30625 -0.0668796 
0.3075 -0.0706256 
0.30875 -0.0741848 
0.31 -0.0775424 
0.31125 -0.0806842 
0.3125 -0.083596 
0.31375 -0.0862645 
0.315 -0.0886767 
0.31625 -0.0908203 
0.3175 -0.0926836 
0.31875 -0.0942555 
0.32 -0.0955259 
0.32125 -0.0964851 
0.3225 -0.0971246 
0.32375 -0.0974367 
0.325 -0.0974144 
0.32625 -0.097052 
0.3275 -0.0963445 
0.32875 -0.0952881 
0.33 -0.0938803 
0.33125 -0.0921193 
0.3325 -0.0900047 
0.33375 -0.0875372 
0.335 -0.084719 
0.33625 -0.081553 
0.3375 -0.0780438 
0.33875 -0.0741971 
0.34 -0.0700199 
0.34125 -0.0655206 
0.3425 -0.0607088 
0.34375 -0.0555954 
0.345 -0.0501928 
0.34625 -0.0445143 
0.3475 -0.0385751 
0.34875 -0.0323911 
0.35 -0.0259798 
0.35125 -0.01936 
0.3525 -0.0125515 
0.35375 -0.0055754 
0.355 0.00154604 
0.35625 0.00878946 
0.3575 0.0161304 
0.35875 0.0235435 
0.36 0.0310022 
0.36125 0.0384793 
0.3625 0.0459467 
0.36375 0.0533754 
0.365 0.0607358 
0.36625 0.0679979 
0.3675 0.0751308 
0.36875 0.0821035 
0.37 0.0888846 
0.37125 0.0954424 
0.3725 0.101745 
0.37375 0.107761 
0.375 0.113459 
0.37625 0.118807 
0.3775 0.123774 
0.37875 0.12833 
0.38 0.132445 
0.38125 0.136089 
0.3825 0.139236 
0.38375 0.141857 
0.385 0.143927 
0.38625 0.145421 
0.3875 0.146316 
0.38875 0.146592 
0.39 0.146228 
0.39125 0.145208 
0.3925 0.143515 
0.39375 0.141138 
0.395 0.138065 
0.39625 0.134288 
0.3975 0.129803 
0.39875 0.124608 
0.4 0.118703 
0.40125 0.112092 
0.4025 0.104784 
0.40375 0.0967892 
0.405 0.0881221 
0.40625 0.0788015 
0.4075 0.0688496 
0.40875 0.0582928 
0.41 0.0471614 
0.41125 0.0354901 
0.4125 0.0233175 
0.41375 0.0106867 
0.415 -0.00235501 
0.41625 -0.0157559 
0.4175 -0.0294601 
0.41875 -0.0434072 
0.42 -0.0575326 
0.42125 -0.0717676 
0.4225 -0.0860391 
0.42375 -0.10027 
0.425 -0.11438 
0.42625 -0.128284 
0.4275 -0.141894 
0.42875 -0.155119 
0.43 -0.167864 
0.43125 -0.180032 
0.4325 -0.191524 
0.43375 -0.202238 
0.435 -0.212072 
0.43625 -0.220922 
0.4375 -0.228682 
0.43875 -0.235249 
0.44 -0.240519 
0.44125 -0.24439 
0.4425 -0.246761 
0.44375 -0.247537 
0.445 -0.246623 
0.44625 -0.243931 
0.4475 -0.23938 
0.44875 -0.232894 
0.45 -0.224406 
0.45125 -0.213859 
0.4525 -0.201206 
0.45375 -0.186414 
0.455 -0.169461 
0.45625 -0.150344 
0.4575 -0.129076 
0.45875 -0.105688 
0.46 -0.0802341 
0.46125 -0.0527914 
0.4625 -0.0234621 
0.46375 0.00762315 
0.465 0.0403035 
0.46625 0.0743847 
0.4675 0.109637 
0.46875 0.145791 
0.47 0.182536 
0.47125 0.219515 
0.4725 0.256325 
0.47375 0.292508 
0.475 0.32755 
0.47625 0.36088 
0.4775 0.391859 
0.47875 0.419783 
0.48 0.443872 
0.48125 0.46327 
0.4825 0.477038 
0.48375 0.484149 
0.485 0.483482 
0.48625 0.473817 
0.4875 0.453828 
0.48875 0.422081 
0.49 0.377019 
0.49125 0.316965 
0.4925 0.240109 
0.49375 0.1445 
0.495 0.0280425 
0.49625 -0.111513 
0.4975 -0.276581 
0.49875 -0.469746 
0.5 -0.693774 


0.5 -0.693774 
0.50125 -0.469746 
0.5025 -0.276581 
0.50375 -0.111513 
0.505 0.0280425 
0.50625 0.1445 
0.5075 0.240109 
0.50875 0.316965 
0.51 0.377019 
0.51125 0.422081 
0.5125 0.453828 
0.51375 0.473817 
0.515 0.483482 
0.51625 0.484149 
0.5175 0.477038 
0.51875 0.46327 
0.52 0.443872 
0.52125 0.419783 
0.5225 0.391859 
0.52375 0.36088 
0.525 0.32755 
0.52625 0.292508 
0.5275 0.256325 
0.52875 0.219515 
0.53 0.182536 
0.53125 0.145791 
0.5325 0.109637 
0.53375 0.0743847 
0.535 0.0403035 
0.53625 0.00762315 
0.5375 -0.0234621 
0.53875 -0.0527914 
0.54 -0.0802341 
0.54125 -0.105688 
0.5425 -0.129076 
0.54375 -0.150344 
0.545 -0.169461 
0.54625 -0.186414 
0.5475 -0.201206 
0.54875 -0.213859 
0.55 -0.224406 
0.55125 -0.232894 
0.5525 -0.23938 
0.55375 -0.243931 
0.555 -0.246623 
0.55625 -0.247537 
0.5575 -0.246761 
0.55875 -0.24439 
0.56 -0.240519 
0.56125 -0.235249 
0.5625 -0.228682 
0.56375 -0.220922 
0.565 -0.212072 
0.56625 -0.202238 
0.5675 -0.191524 
0.56875 -0.180032 
0.57 -0.167864 
0.57125 -0.155119 
0.5725 -0.141894 
0.57375 -0.128284 
0.575 -0.11438 
0.57625 -0.10027 
0.5775 -0.0860391 
0.57875 -0.0717676 
0.58 -0.0575326 
0.58125 -0.0434072 
0.5825 -0.0294601 
0.58375 -0.0157559 
0.585 -0.00235501 
0.58625 0.0106867 
0.5875 0.0233175 
0.58875 0.0354901 
0.59 0.0471614 
0.59125 0.0582928 
0.5925 0.0688496 
0.59375 0.0788015 
0.595 0.0881221 
0.59625 0.0967892 
0.5975 0.104784 
0.59875 0.112092 
0.6 0.118703 
0.60125 0.124608 
0.6025 0.129803 
0.60375 0.134288 
0.605 0.138065 
0.60625 0.141138 
0.6075 0.143515 
0.60875 0.145208 
0.61 0.146228 
0.61125 0.146592 
0.6125 0.146316 
0.61375 0.145421 
0.615 0.143927 
0.61625 0.141857 
0.6175 0.139236 
0.61875 0.136089 
0.62 0.132445 
0.62125 0.12833 
0.6225 0.123774 
0.62375 0.118807 
0.625 0.113459 
0.62625 0.107761 
0.6275 0.101745 
0.62875 0.0954424 
0.63 0.0888846 
0.63125 0.0821035 
0.6325 0.0751308 
0.63375 0.0679979 
0.635 0.0607358 
0.63625 0.0533754 
0.6375 0.0459467 
0.63875 0.0384793 
0.64 0.0310022 
0.64125 0.0235435 
0.6425 0.0161304 
0.64375 0.00878946 
0.645 0.00154604 
0.64625 -0.0055754 
0.6475 -0.0125515 
0.64875 -0.01936 
0.65 -0.0259798 
0.65125 -0.0323911 
0.6525 -0.0385751 
0.65375 -0.0445143 
0.655 -0.0501928 
0.65625 -0.0555954 
0.6575 -0.0607088 
0.65875 -0.0655206 
0.66 -0.0700199 
0.66125 -0.0741971 
0.6625 -0.0780438 
0.66375 -0.081553 
0.665 -0.084719 
0.66625 -0.0875372 
0.6675 -0.0900047 
0.66875 -0.0921193 
0.67 -0.0938803 
0.67125 -0.0952881 
0.6725 -0.0963445 
0.67375 -0.097052 
0.675 -0.0974144 
0.67625 -0.0974367 
0.6775 -0.0971246 
0.67875 -0.0964851 
0.68 -0.0955259 
0.68125 -0.0942555 
0.6825 -0.0926836 
0.68375 -0.0908203 
0.685 -0.0886767 
0.68625 -0.0862645 
0.6875 -0.083596 
0.68875 -0.0806842 
0.69 -0.0775424 
0.69125 -0.0741848 
0.6925 -0.0706256 
0.69375 -0.0668796 
0.695 -0.062962 
0.69625 -0.0588882 
0.6975 -0.0546738 
0.69875 -0.0503345 
0.7 -0.0458863 
0.70125 -0.0413452 
0.7025 -0.0367272 
0.70375 -0.0320484 
0.705 -0.0273246 
0.70625 -0.0225718 
0.7075 -0.0178056 
0.70875 -0.0130414 
0.71 -0.00829459 
0.71125 -0.00357998 
0.7125 0.00108774 
0.71375 0.00569433 
0.715 0.0102259 
0.71625 0.0146691 
0.7175 0.0190108 
0.71875 0.0232387 
0.72 0.0273407 
0.72125 0.0313055 
0.7225 0.0351222 
0.72375 0.0387807 
0.725 0.0422713 
0.72625 0.045585 
0.7275 0.0487136 
0.72875 0.0516494 
0.73 0.0543855 
0.73125 0.0569156 
0.7325 0.0592342 
0.73375 0.0613365 
0.735 0.0632183 
0.73625 0.0648762 
0.7375 0.0663077 
0.73875 0.0675107 
0.74 0.068484 
0.74125 0.0692271 
0.7425 0.0697402 
0.74375 0.0700242 
0.745 0.0700806 
0.74625 0.0699118 
0.7475 0.0695207 
0.74875 0.0689107 
0.75 0.0680862 
0.75125 0.0670519 
0.7525 0.0658132 
0.75375 0.0643761 
0.755 0.0627472 
0.75625 0.0609334 
0.7575 0.0589423 
0.75875 0.0567819 
0.76 0.0544608 
0.76125 0.0519877 
0.7625 0.0493719 
0.76375 0.0466231 
0.765 0.0437512 
0.76625 0.0407664 
0.7675 0.0376793 
0.76875 0.0345005 
0.77 0.0312411 
0.77125 0.0279121 
0.7725 0.0245247 
0.77375 0.0210903 
0.775 0.0176202 
0.77625 0.0141258 
0.7775 0.0106186 
0.77875 0.00710997 
0.78 0.00361112 
0.78125 0.000133258 
0.7825 -0.00331256 
0.78375 -0.00671545 
0.785 -0.0100647 
0.78625 -0.01335 
0.7875 -0.016561 
0.78875 -0.019688 
0.79 -0.0227212 
0.79125 -0.0256516 
0.7925 -0.0284702 
0.79375 -0.0311687 
0.795 -0.033739 
0.79625 -0.0361736 
0.7975 -0.0384652 
0.79875 -0.0406075 
0.8 -0.0425941 
0.80125 -0.0444196 
0.8025 -0.0460789 
0.80375 -0.0475676 
0.805 -0.0488817 
0.80625 -0.0500179 
0.8075 -0.0509734 
0.80875 -0.0517462 
0.81 -0.0523347 
0.81125 -0.0527379 
0.8125 -0.0529556 
0.81375 -0.052988 
0.815 -0.0528361 
0.81625 -0.0525013 
0.8175 -0.0519858 
0.81875 -0.0512922 
0.82 -0.050424 
0.82125 -0.0493849 
0.8225 -0.0481795 
0.82375 -0.0468128 
0.825 -0.0452902 
0.82625 -0.0436178 
0.8275 -0.0418024 
0.82875 -0.0398508 
0.83 -0.0377706 
0.83125 -0.0355698 
0.8325 -0.0332567 
0.83375 -0.0308401 
0.835 -0.0283292 
0.83625 -0.0257334 
0.8375 -0.0230624 
0.83875 -0.0203262 
0.84 -0.0175352 
0.84125 -0.0146998 
0.8425 -0.0118306 
0.84375 -0.0089384 
0.845 -0.00603404 
0.84625 -0.00312847 
0.8475 -0.000232618 
0.84875 0.00264257 
0.85 0.00548622 
0.85125 0.00828754 
0.8525 0.0110359 
0.85375 0.0137207 
0.855 0.0163319 
0.85625 0.0188592 
0.8575 0.021293 
0.85875 0.0236238 
0.86 0.0258427 
0.86125 0.0279408 
0.8625 0.02991 
0.86375 0.0317425 
0.865 0.0334311 
0.86625 0.0349689 
0.8675 0.03635 
0.86875 0.0375685 
0.87 0.0386197 
0.87125 0.0394992 
0.8725 0.0402034 
0.87375 0.0407293 
0.875 0.0410748 
0.87625 0.0412383 
0.8775 0.0412192 
0.87875 0.0410174 
0.88 0.0406337 
0.88125 0.0400699 
0.8825 0.0393281 
0.88375 0.0384117 
0.885 0.0373245 
0.88625 0.0360714 
0.8875 0.0346578 
0.88875 0.0330901 
0.89 0.0313753 
0.89125 0.0295212 
0.8925 0.0275363 
0.89375 0.0254298 
0.895 0.0232116 
0.89625 0.0208923 
0.8975 0.0184829 
0.89875 0.0159951 
0.9 0.0134411 
0.90125 0.0108336 
0.9025 0.00818574 
0.90375 0.00551098 
0.905 0.00282315 
0.90625 0.000136305 
0.9075 -0.00253527 
0.90875 -0.00517717 
0.91 -0.00777492 
0.91125 -0.010314 
0.9125 -0.0127801 
0.91375 -0.015159 
0.915 -0.0174365 
0.91625 -0.0195991 
0.9175 -0.0216335 
0.91875 -0.0235267 
0.92 -0.0252667 
0.92125 -0.0268416 
0.9225 -0.0282408 
0.92375 -0.0294541 
0.925 -0.0304725 
0.92625 -0.0312877 
0.9275 -0.0318927 
0.92875 -0.0322817 
0.93 -0.03245 
0.93125 -0.0323942 
0.9325 -0.0321125 
0.93375 -0.0316043 
0.935 -0.0308708 
0.93625 -0.0299145 
0.9375 -0.0287399 
0.93875 -0.0273528 
0.94 -0.0257611 
0.94125 -0.0239742 
0.9425 -0.0220034 
0.94375 -0.0198618 
0.945 -0.0175642 
0.94625 -0.0151272 
0.9475 -0.0125692 
0.94875 -0.00991032 
0.95 -0.00717224 
0.95125 -0.00437826 
0.9525 -0.00155311 
0.95375 0.00127711 
0.955 0.00408509 
0.95625 0.00684248 
0.9575 0.00952006 
0.95875 0.012088 
0.96 0.014516 
0.96125 0.0167737 
0.9625 0.0188309 
0.96375 0.0206579 
0.965 0.0222258 
0.96625 0.0235072 
0.9675 0.0244764 
0.96875 0.0251097 
0.97 0.0253866 
0.97125 0.0252897 
0.9725 0.0248057 
0.97375 0.0239259 
0.975 0.0226473 
0.97625 0.0209729 
0.9775 0.0189129 
0.97875 0.0164856 
0.98 0.0137183 
0.98125 0.0106483 
0.9825 0.00732425 
0.98375 0.00380717 
0.985 0.000171802 
0.98625 -0.00349198 
0.9875 -0.00707778 
0.98875 -0.0104611 
0.99 -0.0134976 
0.99125 -0.0160216 
0.9925 -0.017844 
0.99375 -0.0187504 
0.995 -0.0184991 
0.99625 -0.0168188 
0.9975 -0.0134065 
0.99875 -0.00792496 
1 0 


