# This file was generated by the deal.II library.
# Date =  2020/5/1
# Time =  12:51:32
#
# For a description of the GNUPLOT format see the GNUPLOT manual.
#
# <x> <EF_M_11> 
0 0 
0.00125 -0.0226676 
0.0025 -0.0384721 
0.00375 -0.048321 
0.005 -0.0530522 
0.00625 -0.0534376 
0.0075 -0.0501869 
0.00875 -0.0439506 
0.01 -0.0353232 
0.01125 -0.0248462 
0.0125 -0.0130114 
0.01375 -0.00026336 
0.015 0.0129978 
0.01625 0.0264138 
0.0175 0.0396653 
0.01875 0.0524702 
0.02 0.0645806 
0.02125 0.0757813 
0.0225 0.0858869 
0.02375 0.0947403 
0.025 0.102211 
0.02625 0.108192 
0.0275 0.112599 
0.02875 0.11537 
0.03 0.116461 
0.03125 0.115845 
0.0325 0.113513 
0.03375 0.10947 
0.035 0.103733 
0.03625 0.0963342 
0.0375 0.0873144 
0.03875 0.0767251 
0.04 0.0646269 
0.04125 0.0510876 
0.0425 0.0361821 
0.04375 0.0199911 
0.045 0.00260031 
0.04625 -0.0159003 
0.0475 -0.0354174 
0.04875 -0.055855 
0.05 -0.0771147 
0.05125 -0.0990972 
0.0525 -0.121702 
0.05375 -0.144828 
0.055 -0.168375 
0.05625 -0.192244 
0.0575 -0.216334 
0.05875 -0.24055 
0.06 -0.264796 
0.06125 -0.288979 
0.0625 -0.313007 
0.06375 -0.336793 
0.065 -0.360253 
0.06625 -0.383304 
0.0675 -0.405869 
0.06875 -0.427873 
0.07 -0.449244 
0.07125 -0.469917 
0.0725 -0.489827 
0.07375 -0.508917 
0.075 -0.527132 
0.07625 -0.54442 
0.0775 -0.560736 
0.07875 -0.576038 
0.08 -0.590287 
0.08125 -0.60345 
0.0825 -0.615497 
0.08375 -0.626404 
0.085 -0.636149 
0.08625 -0.644714 
0.0875 -0.652088 
0.08875 -0.658259 
0.09 -0.663224 
0.09125 -0.66698 
0.0925 -0.669529 
0.09375 -0.670877 
0.095 -0.671032 
0.09625 -0.670006 
0.0975 -0.667815 
0.09875 -0.664476 
0.1 -0.660011 
0.10125 -0.654444 
0.1025 -0.647801 
0.10375 -0.64011 
0.105 -0.631403 
0.10625 -0.621714 
0.1075 -0.611077 
0.10875 -0.59953 
0.11 -0.587112 
0.11125 -0.573864 
0.1125 -0.559827 
0.11375 -0.545044 
0.115 -0.529561 
0.11625 -0.513422 
0.1175 -0.496674 
0.11875 -0.479364 
0.12 -0.46154 
0.12125 -0.443249 
0.1225 -0.42454 
0.12375 -0.405462 
0.125 -0.386063 
0.12625 -0.366392 
0.1275 -0.346497 
0.12875 -0.326426 
0.13 -0.306227 
0.13125 -0.285948 
0.1325 -0.265635 
0.13375 -0.245333 
0.135 -0.225089 
0.13625 -0.204945 
0.1375 -0.184946 
0.13875 -0.165133 
0.14 -0.145547 
0.14125 -0.126228 
0.1425 -0.107214 
0.14375 -0.0885431 
0.145 -0.07025 
0.14625 -0.052369 
0.1475 -0.0349328 
0.14875 -0.0179722 
0.15 -0.00151679 
0.15125 0.0144058 
0.1525 0.0297697 
0.15375 0.0445504 
0.155 0.0587256 
0.15625 0.0722745 
0.1575 0.0851781 
0.15875 0.0974194 
0.16 0.108983 
0.16125 0.119856 
0.1625 0.130025 
0.16375 0.139483 
0.165 0.148219 
0.16625 0.156229 
0.1675 0.163508 
0.16875 0.170053 
0.17 0.175864 
0.17125 0.18094 
0.1725 0.185286 
0.17375 0.188904 
0.175 0.191801 
0.17625 0.193985 
0.1775 0.195464 
0.17875 0.19625 
0.18 0.196353 
0.18125 0.195788 
0.1825 0.194569 
0.18375 0.192713 
0.185 0.190237 
0.18625 0.18716 
0.1875 0.183502 
0.18875 0.179283 
0.19 0.174525 
0.19125 0.169253 
0.1925 0.163489 
0.19375 0.157258 
0.195 0.150586 
0.19625 0.1435 
0.1975 0.136025 
0.19875 0.128191 
0.2 0.120024 
0.20125 0.111554 
0.2025 0.102809 
0.20375 0.0938188 
0.205 0.0846128 
0.20625 0.0752208 
0.2075 0.0656724 
0.20875 0.0559978 
0.21 0.0462266 
0.21125 0.0363888 
0.2125 0.0265139 
0.21375 0.0166315 
0.215 0.0067706 
0.21625 -0.00303989 
0.2175 -0.0127715 
0.21875 -0.0223964 
0.22 -0.0318871 
0.22125 -0.0412166 
0.2225 -0.0503588 
0.22375 -0.0592882 
0.225 -0.0679798 
0.22625 -0.0764098 
0.2275 -0.0845549 
0.22875 -0.0923929 
0.23 -0.0999024 
0.23125 -0.107063 
0.2325 -0.113856 
0.23375 -0.120262 
0.235 -0.126264 
0.23625 -0.131847 
0.2375 -0.136995 
0.23875 -0.141695 
0.24 -0.145934 
0.24125 -0.149701 
0.2425 -0.152986 
0.24375 -0.155781 
0.245 -0.158077 
0.24625 -0.15987 
0.2475 -0.161153 
0.24875 -0.161925 
0.25 -0.162182 
0.25125 -0.161925 
0.2525 -0.161153 
0.25375 -0.15987 
0.255 -0.158077 
0.25625 -0.155781 
0.2575 -0.152986 
0.25875 -0.149701 
0.26 -0.145934 
0.26125 -0.141695 
0.2625 -0.136995 
0.26375 -0.131847 
0.265 -0.126264 
0.26625 -0.120262 
0.2675 -0.113856 
0.26875 -0.107063 
0.27 -0.0999024 
0.27125 -0.0923929 
0.2725 -0.0845549 
0.27375 -0.0764098 
0.275 -0.0679798 
0.27625 -0.0592882 
0.2775 -0.0503588 
0.27875 -0.0412166 
0.28 -0.0318871 
0.28125 -0.0223964 
0.2825 -0.0127715 
0.28375 -0.00303989 
0.285 0.0067706 
0.28625 0.0166315 
0.2875 0.0265139 
0.28875 0.0363888 
0.29 0.0462266 
0.29125 0.0559978 
0.2925 0.0656724 
0.29375 0.0752208 
0.295 0.0846128 
0.29625 0.0938188 
0.2975 0.102809 
0.29875 0.111554 
0.3 0.120024 
0.30125 0.128191 
0.3025 0.136025 
0.30375 0.1435 
0.305 0.150586 
0.30625 0.157258 
0.3075 0.163489 
0.30875 0.169253 
0.31 0.174525 
0.31125 0.179283 
0.3125 0.183502 
0.31375 0.18716 
0.315 0.190237 
0.31625 0.192713 
0.3175 0.194569 
0.31875 0.195788 
0.32 0.196353 
0.32125 0.19625 
0.3225 0.195464 
0.32375 0.193985 
0.325 0.191801 
0.32625 0.188904 
0.3275 0.185286 
0.32875 0.18094 
0.33 0.175864 
0.33125 0.170053 
0.3325 0.163508 
0.33375 0.156229 
0.335 0.148219 
0.33625 0.139483 
0.3375 0.130025 
0.33875 0.119856 
0.34 0.108983 
0.34125 0.0974194 
0.3425 0.0851781 
0.34375 0.0722745 
0.345 0.0587256 
0.34625 0.0445504 
0.3475 0.0297697 
0.34875 0.0144058 
0.35 -0.00151679 
0.35125 -0.0179722 
0.3525 -0.0349328 
0.35375 -0.052369 
0.355 -0.07025 
0.35625 -0.0885431 
0.3575 -0.107214 
0.35875 -0.126228 
0.36 -0.145547 
0.36125 -0.165133 
0.3625 -0.184946 
0.36375 -0.204945 
0.365 -0.225089 
0.36625 -0.245333 
0.3675 -0.265635 
0.36875 -0.285948 
0.37 -0.306227 
0.37125 -0.326426 
0.3725 -0.346497 
0.37375 -0.366392 
0.375 -0.386063 
0.37625 -0.405462 
0.3775 -0.42454 
0.37875 -0.443249 
0.38 -0.46154 
0.38125 -0.479364 
0.3825 -0.496674 
0.38375 -0.513422 
0.385 -0.529561 
0.38625 -0.545044 
0.3875 -0.559827 
0.38875 -0.573864 
0.39 -0.587112 
0.39125 -0.59953 
0.3925 -0.611077 
0.39375 -0.621714 
0.395 -0.631403 
0.39625 -0.64011 
0.3975 -0.647801 
0.39875 -0.654444 
0.4 -0.660011 
0.40125 -0.664476 
0.4025 -0.667815 
0.40375 -0.670006 
0.405 -0.671032 
0.40625 -0.670877 
0.4075 -0.669529 
0.40875 -0.66698 
0.41 -0.663224 
0.41125 -0.658259 
0.4125 -0.652088 
0.41375 -0.644714 
0.415 -0.636149 
0.41625 -0.626404 
0.4175 -0.615497 
0.41875 -0.60345 
0.42 -0.590287 
0.42125 -0.576038 
0.4225 -0.560736 
0.42375 -0.54442 
0.425 -0.527132 
0.42625 -0.508917 
0.4275 -0.489827 
0.42875 -0.469917 
0.43 -0.449244 
0.43125 -0.427873 
0.4325 -0.405869 
0.43375 -0.383304 
0.435 -0.360253 
0.43625 -0.336793 
0.4375 -0.313007 
0.43875 -0.288979 
0.44 -0.264796 
0.44125 -0.24055 
0.4425 -0.216334 
0.44375 -0.192244 
0.445 -0.168375 
0.44625 -0.144828 
0.4475 -0.121702 
0.44875 -0.0990972 
0.45 -0.0771147 
0.45125 -0.055855 
0.4525 -0.0354174 
0.45375 -0.0159003 
0.455 0.00260031 
0.45625 0.0199911 
0.4575 0.0361821 
0.45875 0.0510876 
0.46 0.0646269 
0.46125 0.0767251 
0.4625 0.0873144 
0.46375 0.0963342 
0.465 0.103733 
0.46625 0.10947 
0.4675 0.113513 
0.46875 0.115845 
0.47 0.116461 
0.47125 0.11537 
0.4725 0.112599 
0.47375 0.108192 
0.475 0.102211 
0.47625 0.0947403 
0.4775 0.0858869 
0.47875 0.0757813 
0.48 0.0645806 
0.48125 0.0524702 
0.4825 0.0396653 
0.48375 0.0264138 
0.485 0.0129978 
0.48625 -0.00026336 
0.4875 -0.0130114 
0.48875 -0.0248462 
0.49 -0.0353232 
0.49125 -0.0439506 
0.4925 -0.0501869 
0.49375 -0.0534376 
0.495 -0.0530522 
0.49625 -0.048321 
0.4975 -0.0384721 
0.49875 -0.0226676 
0.5 2.68125e-17 


0.5 2.68125e-17 
0.50125 0.00784602 
0.5025 0.0133165 
0.50375 0.0167256 
0.505 0.0183632 
0.50625 0.0184966 
0.5075 0.0173714 
0.50875 0.0152128 
0.51 0.0122266 
0.51125 0.00860014 
0.5125 0.00450371 
0.51375 9.11581e-05 
0.515 -0.004499 
0.51625 -0.00914272 
0.5175 -0.0137295 
0.51875 -0.0181617 
0.52 -0.0223536 
0.52125 -0.0262305 
0.5225 -0.0297284 
0.52375 -0.0327929 
0.525 -0.0353787 
0.52625 -0.0374489 
0.5275 -0.0389745 
0.52875 -0.0399337 
0.53 -0.0403112 
0.53125 -0.0400981 
0.5325 -0.0392909 
0.53375 -0.0378913 
0.535 -0.0359057 
0.53625 -0.0333446 
0.5375 -0.0302225 
0.53875 -0.0265572 
0.54 -0.0223696 
0.54125 -0.0176832 
0.5425 -0.0125239 
0.54375 -0.00691961 
0.545 -0.000900056 
0.54625 0.00550365 
0.5475 0.0122592 
0.54875 0.0193333 
0.55 0.0266921 
0.55125 0.0343009 
0.5525 0.0421252 
0.55375 0.05013 
0.555 0.0582805 
0.55625 0.0665422 
0.5575 0.0748808 
0.55875 0.0832628 
0.56 0.0916551 
0.56125 0.100025 
0.5625 0.108342 
0.56375 0.116576 
0.565 0.124696 
0.56625 0.132675 
0.5675 0.140485 
0.56875 0.148101 
0.57 0.155499 
0.57125 0.162654 
0.5725 0.169546 
0.57375 0.176154 
0.575 0.182459 
0.57625 0.188443 
0.5775 0.19409 
0.57875 0.199387 
0.58 0.204319 
0.58125 0.208875 
0.5825 0.213045 
0.58375 0.21682 
0.585 0.220193 
0.58625 0.223158 
0.5875 0.22571 
0.58875 0.227846 
0.59 0.229565 
0.59125 0.230865 
0.5925 0.231747 
0.59375 0.232214 
0.595 0.232267 
0.59625 0.231912 
0.5975 0.231154 
0.59875 0.229998 
0.6 0.228453 
0.60125 0.226526 
0.6025 0.224226 
0.60375 0.221564 
0.605 0.21855 
0.60625 0.215197 
0.6075 0.211515 
0.60875 0.207518 
0.61 0.20322 
0.61125 0.198634 
0.6125 0.193775 
0.61375 0.188659 
0.615 0.183299 
0.61625 0.177713 
0.6175 0.171916 
0.61875 0.165925 
0.62 0.159755 
0.62125 0.153424 
0.6225 0.146948 
0.62375 0.140344 
0.625 0.13363 
0.62625 0.126821 
0.6275 0.119934 
0.62875 0.112987 
0.63 0.105996 
0.63125 0.0989765 
0.6325 0.0919454 
0.63375 0.0849183 
0.635 0.077911 
0.63625 0.0709386 
0.6375 0.0640161 
0.63875 0.0571581 
0.64 0.0503787 
0.64125 0.0436918 
0.6425 0.0371106 
0.64375 0.0306478 
0.645 0.024316 
0.64625 0.0181267 
0.6475 0.0120914 
0.64875 0.00622081 
0.65 0.000525015 
0.65125 -0.00498636 
0.6525 -0.0103043 
0.65375 -0.0154204 
0.655 -0.020327 
0.65625 -0.0250167 
0.6575 -0.0294831 
0.65875 -0.0337202 
0.66 -0.0377228 
0.66125 -0.0414862 
0.6625 -0.0450063 
0.66375 -0.0482798 
0.665 -0.0513039 
0.66625 -0.0540764 
0.6675 -0.0565958 
0.66875 -0.0588613 
0.67 -0.0608724 
0.67125 -0.0626296 
0.6725 -0.0641337 
0.67375 -0.0653862 
0.675 -0.0663891 
0.67625 -0.067145 
0.6775 -0.067657 
0.67875 -0.0679288 
0.68 -0.0679646 
0.68125 -0.067769 
0.6825 -0.0673472 
0.68375 -0.0667047 
0.685 -0.0658477 
0.68625 -0.0647826 
0.6875 -0.0635162 
0.68875 -0.0620559 
0.69 -0.0604093 
0.69125 -0.0585842 
0.6925 -0.0565891 
0.69375 -0.0544324 
0.695 -0.0521231 
0.69625 -0.0496702 
0.6975 -0.0470831 
0.69875 -0.0443712 
0.7 -0.0415445 
0.70125 -0.0386126 
0.7025 -0.0355857 
0.70375 -0.0324739 
0.705 -0.0292874 
0.70625 -0.0260365 
0.7075 -0.0227315 
0.70875 -0.0193828 
0.71 -0.0160006 
0.71125 -0.0125954 
0.7125 -0.00917739 
0.71375 -0.00575673 
0.715 -0.00234354 
0.71625 0.00105221 
0.7175 0.00442067 
0.71875 0.00775218 
0.72 0.0110372 
0.72125 0.0142665 
0.7225 0.0174309 
0.72375 0.0205217 
0.725 0.0235302 
0.72625 0.0264481 
0.7275 0.0292674 
0.72875 0.0319804 
0.73 0.0345797 
0.73125 0.0370582 
0.7325 0.0394094 
0.73375 0.0416267 
0.735 0.0437043 
0.73625 0.0456367 
0.7375 0.0474187 
0.73875 0.0490454 
0.74 0.0505127 
0.74125 0.0518167 
0.7425 0.0529538 
0.74375 0.0539211 
0.745 0.054716 
0.74625 0.0553364 
0.7475 0.0557807 
0.74875 0.0560478 
0.75 0.0561369 
0.75125 0.0560478 
0.7525 0.0557807 
0.75375 0.0553364 
0.755 0.054716 
0.75625 0.0539211 
0.7575 0.0529538 
0.75875 0.0518167 
0.76 0.0505127 
0.76125 0.0490454 
0.7625 0.0474187 
0.76375 0.0456367 
0.765 0.0437043 
0.76625 0.0416267 
0.7675 0.0394094 
0.76875 0.0370582 
0.77 0.0345797 
0.77125 0.0319804 
0.7725 0.0292674 
0.77375 0.0264481 
0.775 0.0235302 
0.77625 0.0205217 
0.7775 0.0174309 
0.77875 0.0142665 
0.78 0.0110372 
0.78125 0.00775218 
0.7825 0.00442067 
0.78375 0.00105221 
0.785 -0.00234354 
0.78625 -0.00575673 
0.7875 -0.00917739 
0.78875 -0.0125954 
0.79 -0.0160006 
0.79125 -0.0193828 
0.7925 -0.0227315 
0.79375 -0.0260365 
0.795 -0.0292874 
0.79625 -0.0324739 
0.7975 -0.0355857 
0.79875 -0.0386126 
0.8 -0.0415445 
0.80125 -0.0443712 
0.8025 -0.0470831 
0.80375 -0.0496702 
0.805 -0.0521231 
0.80625 -0.0544324 
0.8075 -0.0565891 
0.80875 -0.0585842 
0.81 -0.0604093 
0.81125 -0.0620559 
0.8125 -0.0635162 
0.81375 -0.0647826 
0.815 -0.0658477 
0.81625 -0.0667047 
0.8175 -0.0673472 
0.81875 -0.067769 
0.82 -0.0679646 
0.82125 -0.0679288 
0.8225 -0.067657 
0.82375 -0.067145 
0.825 -0.0663891 
0.82625 -0.0653862 
0.8275 -0.0641337 
0.82875 -0.0626296 
0.83 -0.0608724 
0.83125 -0.0588613 
0.8325 -0.0565958 
0.83375 -0.0540764 
0.835 -0.0513039 
0.83625 -0.0482798 
0.8375 -0.0450063 
0.83875 -0.0414862 
0.84 -0.0377228 
0.84125 -0.0337202 
0.8425 -0.0294831 
0.84375 -0.0250167 
0.845 -0.020327 
0.84625 -0.0154204 
0.8475 -0.0103043 
0.84875 -0.00498636 
0.85 0.000525015 
0.85125 0.00622081 
0.8525 0.0120914 
0.85375 0.0181267 
0.855 0.024316 
0.85625 0.0306478 
0.8575 0.0371106 
0.85875 0.0436918 
0.86 0.0503787 
0.86125 0.0571581 
0.8625 0.0640161 
0.86375 0.0709386 
0.865 0.077911 
0.86625 0.0849183 
0.8675 0.0919454 
0.86875 0.0989765 
0.87 0.105996 
0.87125 0.112987 
0.8725 0.119934 
0.87375 0.126821 
0.875 0.13363 
0.87625 0.140344 
0.8775 0.146948 
0.87875 0.153424 
0.88 0.159755 
0.88125 0.165925 
0.8825 0.171916 
0.88375 0.177713 
0.885 0.183299 
0.88625 0.188659 
0.8875 0.193775 
0.88875 0.198634 
0.89 0.20322 
0.89125 0.207518 
0.8925 0.211515 
0.89375 0.215197 
0.895 0.21855 
0.89625 0.221564 
0.8975 0.224226 
0.89875 0.226526 
0.9 0.228453 
0.90125 0.229998 
0.9025 0.231154 
0.90375 0.231912 
0.905 0.232267 
0.90625 0.232214 
0.9075 0.231747 
0.90875 0.230865 
0.91 0.229565 
0.91125 0.227846 
0.9125 0.22571 
0.91375 0.223158 
0.915 0.220193 
0.91625 0.21682 
0.9175 0.213045 
0.91875 0.208875 
0.92 0.204319 
0.92125 0.199387 
0.9225 0.19409 
0.92375 0.188443 
0.925 0.182459 
0.92625 0.176154 
0.9275 0.169546 
0.92875 0.162654 
0.93 0.155499 
0.93125 0.148101 
0.9325 0.140485 
0.93375 0.132675 
0.935 0.124696 
0.93625 0.116576 
0.9375 0.108342 
0.93875 0.100025 
0.94 0.0916551 
0.94125 0.0832628 
0.9425 0.0748808 
0.94375 0.0665422 
0.945 0.0582805 
0.94625 0.05013 
0.9475 0.0421252 
0.94875 0.0343009 
0.95 0.0266921 
0.95125 0.0193333 
0.9525 0.0122592 
0.95375 0.00550365 
0.955 -0.000900056 
0.95625 -0.00691961 
0.9575 -0.0125239 
0.95875 -0.0176832 
0.96 -0.0223696 
0.96125 -0.0265572 
0.9625 -0.0302225 
0.96375 -0.0333446 
0.965 -0.0359057 
0.96625 -0.0378913 
0.9675 -0.0392909 
0.96875 -0.0400981 
0.97 -0.0403112 
0.97125 -0.0399337 
0.9725 -0.0389745 
0.97375 -0.0374489 
0.975 -0.0353787 
0.97625 -0.0327929 
0.9775 -0.0297284 
0.97875 -0.0262305 
0.98 -0.0223536 
0.98125 -0.0181617 
0.9825 -0.0137295 
0.98375 -0.00914272 
0.985 -0.004499 
0.98625 9.11581e-05 
0.9875 0.00450371 
0.98875 0.00860014 
0.99 0.0122266 
0.99125 0.0152128 
0.9925 0.0173714 
0.99375 0.0184966 
0.995 0.0183632 
0.99625 0.0167256 
0.9975 0.0133165 
0.99875 0.00784602 
1 0 


