# This file was generated by the deal.II library.
# Date =  2020/5/1
# Time =  12:51:31
#
# For a description of the GNUPLOT format see the GNUPLOT manual.
#
# <x> <EF_sqL_16> 
0 0 
0.00125 0.000828211 
0.0025 0.0057128 
0.00375 0.0138 
0.005 0.0243274 
0.00625 0.0366178 
0.0075 0.0500729 
0.00875 0.0641675 
0.01 0.0784441 
0.01125 0.0925078 
0.0125 0.106021 
0.01375 0.118699 
0.015 0.130307 
0.01625 0.140651 
0.0175 0.149581 
0.01875 0.156983 
0.02 0.162773 
0.02125 0.166901 
0.0225 0.169342 
0.02375 0.170095 
0.025 0.16918 
0.02625 0.166635 
0.0275 0.162517 
0.02875 0.156893 
0.03 0.149847 
0.03125 0.141468 
0.0325 0.131857 
0.03375 0.121121 
0.035 0.10937 
0.03625 0.096721 
0.0375 0.0832918 
0.03875 0.0692018 
0.04 0.054571 
0.04125 0.0395185 
0.0425 0.0241622 
0.04375 0.00861748 
0.045 -0.00700316 
0.04625 -0.0225908 
0.0475 -0.0380406 
0.04875 -0.0532525 
0.05 -0.0681313 
0.05125 -0.0825873 
0.0525 -0.0965362 
0.05375 -0.1099 
0.055 -0.122606 
0.05625 -0.134589 
0.0575 -0.145788 
0.05875 -0.156152 
0.06 -0.165632 
0.06125 -0.174187 
0.0625 -0.181785 
0.06375 -0.188396 
0.065 -0.193999 
0.06625 -0.198577 
0.0675 -0.20212 
0.06875 -0.204625 
0.07 -0.20609 
0.07125 -0.206524 
0.0725 -0.205935 
0.07375 -0.204342 
0.075 -0.201763 
0.07625 -0.198224 
0.0775 -0.193753 
0.07875 -0.188383 
0.08 -0.18215 
0.08125 -0.175092 
0.0825 -0.167252 
0.08375 -0.158674 
0.085 -0.149406 
0.08625 -0.139496 
0.0875 -0.128996 
0.08875 -0.117959 
0.09 -0.106437 
0.09125 -0.0944868 
0.0925 -0.0821631 
0.09375 -0.0695222 
0.095 -0.0566209 
0.09625 -0.0435157 
0.0975 -0.030263 
0.09875 -0.016919 
0.1 -0.00353907 
0.10125 0.00982198 
0.1025 0.0231105 
0.10375 0.0362737 
0.105 0.0492606 
0.10625 0.0620212 
0.1075 0.0745074 
0.10875 0.0866728 
0.11 0.098473 
0.11125 0.109866 
0.1125 0.12081 
0.11375 0.131269 
0.115 0.141205 
0.11625 0.150587 
0.1175 0.159382 
0.11875 0.167563 
0.12 0.175104 
0.12125 0.181981 
0.1225 0.188174 
0.12375 0.193666 
0.125 0.198441 
0.12625 0.202487 
0.1275 0.205794 
0.12875 0.208355 
0.13 0.210165 
0.13125 0.211223 
0.1325 0.21153 
0.13375 0.211088 
0.135 0.209904 
0.13625 0.207985 
0.1375 0.205343 
0.13875 0.20199 
0.14 0.197942 
0.14125 0.193215 
0.1425 0.18783 
0.14375 0.181807 
0.145 0.17517 
0.14625 0.167943 
0.1475 0.160154 
0.14875 0.15183 
0.15 0.143002 
0.15125 0.133701 
0.1525 0.123959 
0.15375 0.113809 
0.155 0.103286 
0.15625 0.0924258 
0.1575 0.0812646 
0.15875 0.0698392 
0.16 0.0581873 
0.16125 0.0463469 
0.1625 0.0343562 
0.16375 0.0222538 
0.165 0.0100784 
0.16625 -0.00213137 
0.1675 -0.014337 
0.16875 -0.0265001 
0.17 -0.0385829 
0.17125 -0.0505477 
0.1725 -0.0623577 
0.17375 -0.0739765 
0.175 -0.0853685 
0.17625 -0.0964991 
0.1775 -0.107334 
0.17875 -0.117842 
0.18 -0.12799 
0.18125 -0.137747 
0.1825 -0.147086 
0.18375 -0.155977 
0.185 -0.164395 
0.18625 -0.172315 
0.1875 -0.179713 
0.18875 -0.186567 
0.19 -0.192858 
0.19125 -0.198566 
0.1925 -0.203675 
0.19375 -0.20817 
0.195 -0.212039 
0.19625 -0.215269 
0.1975 -0.217851 
0.19875 -0.219777 
0.2 -0.221043 
0.20125 -0.221643 
0.2025 -0.221577 
0.20375 -0.220844 
0.205 -0.219446 
0.20625 -0.217387 
0.2075 -0.214672 
0.20875 -0.21131 
0.21 -0.207308 
0.21125 -0.20268 
0.2125 -0.197436 
0.21375 -0.191592 
0.215 -0.185164 
0.21625 -0.178171 
0.2175 -0.170631 
0.21875 -0.162565 
0.22 -0.153996 
0.22125 -0.144949 
0.2225 -0.135447 
0.22375 -0.125518 
0.225 -0.11519 
0.22625 -0.104491 
0.2275 -0.0934509 
0.22875 -0.0821013 
0.23 -0.0704738 
0.23125 -0.0586009 
0.2325 -0.0465161 
0.23375 -0.0342534 
0.235 -0.0218474 
0.23625 -0.00933317 
0.2375 0.00325392 
0.23875 0.0158781 
0.24 0.0285035 
0.24125 0.0410941 
0.2425 0.0536139 
0.24375 0.066027 
0.245 0.0782975 
0.24625 0.0903902 
0.2475 0.10227 
0.24875 0.113902 
0.25 0.125252 
0.25125 0.136287 
0.2525 0.146974 
0.25375 0.157282 
0.255 0.167179 
0.25625 0.176636 
0.2575 0.185622 
0.25875 0.194112 
0.26 0.202078 
0.26125 0.209496 
0.2625 0.216341 
0.26375 0.22259 
0.265 0.228224 
0.26625 0.233224 
0.2675 0.23757 
0.26875 0.241248 
0.27 0.244244 
0.27125 0.246544 
0.2725 0.248139 
0.27375 0.24902 
0.275 0.249181 
0.27625 0.248615 
0.2775 0.247321 
0.27875 0.245299 
0.28 0.242548 
0.28125 0.239072 
0.2825 0.234878 
0.28375 0.229971 
0.285 0.224361 
0.28625 0.21806 
0.2875 0.21108 
0.28875 0.203439 
0.29 0.195151 
0.29125 0.186238 
0.2925 0.17672 
0.29375 0.16662 
0.295 0.155963 
0.29625 0.144775 
0.2975 0.133086 
0.29875 0.120925 
0.3 0.108324 
0.30125 0.0953154 
0.3025 0.0819348 
0.30375 0.0682179 
0.305 0.054202 
0.30625 0.0399257 
0.3075 0.0254288 
0.30875 0.0107519 
0.31 -0.00406328 
0.31125 -0.0189743 
0.3125 -0.0339378 
0.31375 -0.0489101 
0.315 -0.0638468 
0.31625 -0.0787031 
0.3175 -0.093434 
0.31875 -0.107994 
0.32 -0.122339 
0.32125 -0.136423 
0.3225 -0.150201 
0.32375 -0.163629 
0.325 -0.176662 
0.32625 -0.189258 
0.3275 -0.201374 
0.32875 -0.212967 
0.33 -0.223997 
0.33125 -0.234424 
0.3325 -0.244211 
0.33375 -0.253319 
0.335 -0.261713 
0.33625 -0.26936 
0.3375 -0.276227 
0.33875 -0.282285 
0.34 -0.287505 
0.34125 -0.291861 
0.3425 -0.295329 
0.34375 -0.297888 
0.345 -0.29952 
0.34625 -0.300207 
0.3475 -0.299935 
0.34875 -0.298695 
0.35 -0.296478 
0.35125 -0.293279 
0.3525 -0.289095 
0.35375 -0.283927 
0.355 -0.27778 
0.35625 -0.27066 
0.3575 -0.262579 
0.35875 -0.253548 
0.36 -0.243586 
0.36125 -0.232713 
0.3625 -0.220952 
0.36375 -0.20833 
0.365 -0.194876 
0.36625 -0.180626 
0.3675 -0.165614 
0.36875 -0.149881 
0.37 -0.13347 
0.37125 -0.116426 
0.3725 -0.0988003 
0.37375 -0.0806433 
0.375 -0.0620103 
0.37625 -0.0429589 
0.3775 -0.0235495 
0.37875 -0.00384459 
0.38 0.0160906 
0.38125 0.0361889 
0.3825 0.0563809 
0.38375 0.0765957 
0.385 0.0967605 
0.38625 0.116801 
0.3875 0.136642 
0.38875 0.156207 
0.39 0.175418 
0.39125 0.194199 
0.3925 0.212471 
0.39375 0.230156 
0.395 0.247177 
0.39625 0.263456 
0.3975 0.278918 
0.39875 0.293487 
0.4 0.30709 
0.40125 0.319655 
0.4025 0.331114 
0.40375 0.341399 
0.405 0.350445 
0.40625 0.358193 
0.4075 0.364585 
0.40875 0.369567 
0.41 0.37309 
0.41125 0.37511 
0.4125 0.375586 
0.41375 0.374486 
0.415 0.37178 
0.41625 0.367445 
0.4175 0.361465 
0.41875 0.353831 
0.42 0.344539 
0.42125 0.333595 
0.4225 0.321011 
0.42375 0.306807 
0.425 0.29101 
0.42625 0.273658 
0.4275 0.254795 
0.42875 0.234475 
0.43 0.212761 
0.43125 0.189724 
0.4325 0.165446 
0.43375 0.140016 
0.435 0.113534 
0.43625 0.0861078 
0.4375 0.0578549 
0.43875 0.028902 
0.44 -0.000615651 
0.44125 -0.0305541 
0.4425 -0.0607612 
0.44375 -0.0910768 
0.445 -0.121333 
0.44625 -0.151355 
0.4475 -0.180963 
0.44875 -0.209968 
0.45 -0.238178 
0.45125 -0.265399 
0.4525 -0.291429 
0.45375 -0.316068 
0.455 -0.339111 
0.45625 -0.360357 
0.4575 -0.379605 
0.45875 -0.396655 
0.46 -0.411316 
0.46125 -0.423398 
0.4625 -0.432725 
0.46375 -0.439128 
0.465 -0.442451 
0.46625 -0.442554 
0.4675 -0.439315 
0.46875 -0.432631 
0.47 -0.422424 
0.47125 -0.408641 
0.4725 -0.391262 
0.47375 -0.370297 
0.475 -0.345794 
0.47625 -0.317845 
0.4775 -0.286586 
0.47875 -0.252203 
0.48 -0.214936 
0.48125 -0.175089 
0.4825 -0.133028 
0.48375 -0.0891918 
0.485 -0.044096 
0.48625 0.00165976 
0.4875 0.047386 
0.48875 0.0922957 
0.49 0.135497 
0.49125 0.175988 
0.4925 0.212642 
0.49375 0.244207 
0.495 0.269292 
0.49625 0.286359 
0.4975 0.293712 
0.49875 0.289488 
0.5 0.271649 


0.5 0.271649 
0.50125 0.289488 
0.5025 0.293712 
0.50375 0.286359 
0.505 0.269292 
0.50625 0.244207 
0.5075 0.212642 
0.50875 0.175988 
0.51 0.135497 
0.51125 0.0922957 
0.5125 0.047386 
0.51375 0.00165976 
0.515 -0.044096 
0.51625 -0.0891918 
0.5175 -0.133028 
0.51875 -0.175089 
0.52 -0.214936 
0.52125 -0.252203 
0.5225 -0.286586 
0.52375 -0.317845 
0.525 -0.345794 
0.52625 -0.370297 
0.5275 -0.391262 
0.52875 -0.408641 
0.53 -0.422424 
0.53125 -0.432631 
0.5325 -0.439315 
0.53375 -0.442554 
0.535 -0.442451 
0.53625 -0.439128 
0.5375 -0.432725 
0.53875 -0.423398 
0.54 -0.411316 
0.54125 -0.396655 
0.5425 -0.379605 
0.54375 -0.360357 
0.545 -0.339111 
0.54625 -0.316068 
0.5475 -0.291429 
0.54875 -0.265399 
0.55 -0.238178 
0.55125 -0.209968 
0.5525 -0.180963 
0.55375 -0.151355 
0.555 -0.121333 
0.55625 -0.0910768 
0.5575 -0.0607612 
0.55875 -0.0305541 
0.56 -0.000615651 
0.56125 0.028902 
0.5625 0.0578549 
0.56375 0.0861078 
0.565 0.113534 
0.56625 0.140016 
0.5675 0.165446 
0.56875 0.189724 
0.57 0.212761 
0.57125 0.234475 
0.5725 0.254795 
0.57375 0.273658 
0.575 0.29101 
0.57625 0.306807 
0.5775 0.321011 
0.57875 0.333595 
0.58 0.344539 
0.58125 0.353831 
0.5825 0.361465 
0.58375 0.367445 
0.585 0.37178 
0.58625 0.374486 
0.5875 0.375586 
0.58875 0.37511 
0.59 0.37309 
0.59125 0.369567 
0.5925 0.364585 
0.59375 0.358193 
0.595 0.350445 
0.59625 0.341399 
0.5975 0.331114 
0.59875 0.319655 
0.6 0.30709 
0.60125 0.293487 
0.6025 0.278918 
0.60375 0.263456 
0.605 0.247177 
0.60625 0.230156 
0.6075 0.212471 
0.60875 0.194199 
0.61 0.175418 
0.61125 0.156207 
0.6125 0.136642 
0.61375 0.116801 
0.615 0.0967605 
0.61625 0.0765957 
0.6175 0.0563809 
0.61875 0.0361889 
0.62 0.0160906 
0.62125 -0.00384459 
0.6225 -0.0235495 
0.62375 -0.0429589 
0.625 -0.0620103 
0.62625 -0.0806433 
0.6275 -0.0988003 
0.62875 -0.116426 
0.63 -0.13347 
0.63125 -0.149881 
0.6325 -0.165614 
0.63375 -0.180626 
0.635 -0.194876 
0.63625 -0.20833 
0.6375 -0.220952 
0.63875 -0.232713 
0.64 -0.243586 
0.64125 -0.253548 
0.6425 -0.262579 
0.64375 -0.27066 
0.645 -0.27778 
0.64625 -0.283927 
0.6475 -0.289095 
0.64875 -0.293279 
0.65 -0.296478 
0.65125 -0.298695 
0.6525 -0.299935 
0.65375 -0.300207 
0.655 -0.29952 
0.65625 -0.297888 
0.6575 -0.295329 
0.65875 -0.291861 
0.66 -0.287505 
0.66125 -0.282285 
0.6625 -0.276227 
0.66375 -0.26936 
0.665 -0.261713 
0.66625 -0.253319 
0.6675 -0.244211 
0.66875 -0.234424 
0.67 -0.223997 
0.67125 -0.212967 
0.6725 -0.201374 
0.67375 -0.189258 
0.675 -0.176662 
0.67625 -0.163629 
0.6775 -0.150201 
0.67875 -0.136423 
0.68 -0.122339 
0.68125 -0.107994 
0.6825 -0.093434 
0.68375 -0.0787031 
0.685 -0.0638468 
0.68625 -0.0489101 
0.6875 -0.0339378 
0.68875 -0.0189743 
0.69 -0.00406328 
0.69125 0.0107519 
0.6925 0.0254288 
0.69375 0.0399257 
0.695 0.054202 
0.69625 0.0682179 
0.6975 0.0819348 
0.69875 0.0953154 
0.7 0.108324 
0.70125 0.120925 
0.7025 0.133086 
0.70375 0.144775 
0.705 0.155963 
0.70625 0.16662 
0.7075 0.17672 
0.70875 0.186238 
0.71 0.195151 
0.71125 0.203439 
0.7125 0.21108 
0.71375 0.21806 
0.715 0.224361 
0.71625 0.229971 
0.7175 0.234878 
0.71875 0.239072 
0.72 0.242548 
0.72125 0.245299 
0.7225 0.247321 
0.72375 0.248615 
0.725 0.249181 
0.72625 0.24902 
0.7275 0.248139 
0.72875 0.246544 
0.73 0.244244 
0.73125 0.241248 
0.7325 0.23757 
0.73375 0.233224 
0.735 0.228224 
0.73625 0.22259 
0.7375 0.216341 
0.73875 0.209496 
0.74 0.202078 
0.74125 0.194112 
0.7425 0.185622 
0.74375 0.176636 
0.745 0.167179 
0.74625 0.157282 
0.7475 0.146974 
0.74875 0.136287 
0.75 0.125252 
0.75125 0.113902 
0.7525 0.10227 
0.75375 0.0903902 
0.755 0.0782975 
0.75625 0.066027 
0.7575 0.0536139 
0.75875 0.0410941 
0.76 0.0285035 
0.76125 0.0158781 
0.7625 0.00325392 
0.76375 -0.00933317 
0.765 -0.0218474 
0.76625 -0.0342534 
0.7675 -0.0465161 
0.76875 -0.0586009 
0.77 -0.0704738 
0.77125 -0.0821013 
0.7725 -0.0934509 
0.77375 -0.104491 
0.775 -0.11519 
0.77625 -0.125518 
0.7775 -0.135447 
0.77875 -0.144949 
0.78 -0.153996 
0.78125 -0.162565 
0.7825 -0.170631 
0.78375 -0.178171 
0.785 -0.185164 
0.78625 -0.191592 
0.7875 -0.197436 
0.78875 -0.20268 
0.79 -0.207308 
0.79125 -0.21131 
0.7925 -0.214672 
0.79375 -0.217387 
0.795 -0.219446 
0.79625 -0.220844 
0.7975 -0.221577 
0.79875 -0.221643 
0.8 -0.221043 
0.80125 -0.219777 
0.8025 -0.217851 
0.80375 -0.215269 
0.805 -0.212039 
0.80625 -0.20817 
0.8075 -0.203675 
0.80875 -0.198566 
0.81 -0.192858 
0.81125 -0.186567 
0.8125 -0.179713 
0.81375 -0.172315 
0.815 -0.164395 
0.81625 -0.155977 
0.8175 -0.147086 
0.81875 -0.137747 
0.82 -0.12799 
0.82125 -0.117842 
0.8225 -0.107334 
0.82375 -0.0964991 
0.825 -0.0853685 
0.82625 -0.0739765 
0.8275 -0.0623577 
0.82875 -0.0505477 
0.83 -0.0385829 
0.83125 -0.0265001 
0.8325 -0.014337 
0.83375 -0.00213137 
0.835 0.0100784 
0.83625 0.0222538 
0.8375 0.0343562 
0.83875 0.0463469 
0.84 0.0581873 
0.84125 0.0698392 
0.8425 0.0812646 
0.84375 0.0924258 
0.845 0.103286 
0.84625 0.113809 
0.8475 0.123959 
0.84875 0.133701 
0.85 0.143002 
0.85125 0.15183 
0.8525 0.160154 
0.85375 0.167943 
0.855 0.17517 
0.85625 0.181807 
0.8575 0.18783 
0.85875 0.193215 
0.86 0.197942 
0.86125 0.20199 
0.8625 0.205343 
0.86375 0.207985 
0.865 0.209904 
0.86625 0.211088 
0.8675 0.21153 
0.86875 0.211223 
0.87 0.210165 
0.87125 0.208355 
0.8725 0.205794 
0.87375 0.202487 
0.875 0.198441 
0.87625 0.193666 
0.8775 0.188174 
0.87875 0.181981 
0.88 0.175104 
0.88125 0.167563 
0.8825 0.159382 
0.88375 0.150587 
0.885 0.141205 
0.88625 0.131269 
0.8875 0.12081 
0.88875 0.109866 
0.89 0.098473 
0.89125 0.0866728 
0.8925 0.0745074 
0.89375 0.0620212 
0.895 0.0492606 
0.89625 0.0362737 
0.8975 0.0231105 
0.89875 0.00982198 
0.9 -0.00353907 
0.90125 -0.016919 
0.9025 -0.030263 
0.90375 -0.0435157 
0.905 -0.0566209 
0.90625 -0.0695222 
0.9075 -0.0821631 
0.90875 -0.0944868 
0.91 -0.106437 
0.91125 -0.117959 
0.9125 -0.128996 
0.91375 -0.139496 
0.915 -0.149406 
0.91625 -0.158674 
0.9175 -0.167252 
0.91875 -0.175092 
0.92 -0.18215 
0.92125 -0.188383 
0.9225 -0.193753 
0.92375 -0.198224 
0.925 -0.201763 
0.92625 -0.204342 
0.9275 -0.205935 
0.92875 -0.206524 
0.93 -0.20609 
0.93125 -0.204625 
0.9325 -0.20212 
0.93375 -0.198577 
0.935 -0.193999 
0.93625 -0.188396 
0.9375 -0.181785 
0.93875 -0.174187 
0.94 -0.165632 
0.94125 -0.156152 
0.9425 -0.145788 
0.94375 -0.134589 
0.945 -0.122606 
0.94625 -0.1099 
0.9475 -0.0965362 
0.94875 -0.0825873 
0.95 -0.0681313 
0.95125 -0.0532525 
0.9525 -0.0380406 
0.95375 -0.0225908 
0.955 -0.00700316 
0.95625 0.00861748 
0.9575 0.0241622 
0.95875 0.0395185 
0.96 0.054571 
0.96125 0.0692018 
0.9625 0.0832918 
0.96375 0.096721 
0.965 0.10937 
0.96625 0.121121 
0.9675 0.131857 
0.96875 0.141468 
0.97 0.149847 
0.97125 0.156893 
0.9725 0.162517 
0.97375 0.166635 
0.975 0.16918 
0.97625 0.170095 
0.9775 0.169342 
0.97875 0.166901 
0.98 0.162773 
0.98125 0.156983 
0.9825 0.149581 
0.98375 0.140651 
0.985 0.130307 
0.98625 0.118699 
0.9875 0.106021 
0.98875 0.0925078 
0.99 0.0784441 
0.99125 0.0641675 
0.9925 0.0500729 
0.99375 0.0366178 
0.995 0.0243274 
0.99625 0.0138 
0.9975 0.0057128 
0.99875 0.000828211 
1 0 


