# This file was generated by the deal.II library.
# Date =  2020/5/1
# Time =  12:51:31
#
# For a description of the GNUPLOT format see the GNUPLOT manual.
#
# <x> <phi_15> 
0 0 
0.00125 0 
0.0025 0 
0.00375 0 
0.005 0 
0.00625 0 
0.0075 0 
0.00875 0 
0.01 0 
0.01125 0 
0.0125 0 
0.01375 0 
0.015 0 
0.01625 0 
0.0175 0 
0.01875 0 
0.02 0 
0.02125 0 
0.0225 0 
0.02375 0 
0.025 0 
0.02625 0 
0.0275 0 
0.02875 0 
0.03 0 
0.03125 0 
0.0325 0 
0.03375 0 
0.035 0 
0.03625 0 
0.0375 0 
0.03875 0 
0.04 0 
0.04125 0 
0.0425 0 
0.04375 0 
0.045 0 
0.04625 0 
0.0475 0 
0.04875 0 
0.05 0 
0.05125 0 
0.0525 0 
0.05375 0 
0.055 0 
0.05625 0 
0.0575 0 
0.05875 0 
0.06 0 
0.06125 0 
0.0625 0 
0.06375 0 
0.065 0 
0.06625 0 
0.0675 0 
0.06875 0 
0.07 0 
0.07125 0 
0.0725 0 
0.07375 0 
0.075 0 
0.07625 0 
0.0775 0 
0.07875 0 
0.08 0 
0.08125 0 
0.0825 0 
0.08375 0 
0.085 0 
0.08625 0 
0.0875 0 
0.08875 0 
0.09 0 
0.09125 0 
0.0925 0 
0.09375 0 
0.095 0 
0.09625 0 
0.0975 0 
0.09875 0 
0.1 0 
0.10125 0 
0.1025 0 
0.10375 0 
0.105 0 
0.10625 0 
0.1075 0 
0.10875 0 
0.11 0 
0.11125 0 
0.1125 0 
0.11375 0 
0.115 0 
0.11625 0 
0.1175 0 
0.11875 0 
0.12 0 
0.12125 0 
0.1225 0 
0.12375 0 
0.125 0 
0.12625 0 
0.1275 0 
0.12875 0 
0.13 0 
0.13125 0 
0.1325 0 
0.13375 0 
0.135 0 
0.13625 0 
0.1375 0 
0.13875 0 
0.14 0 
0.14125 0 
0.1425 0 
0.14375 0 
0.145 0 
0.14625 0 
0.1475 0 
0.14875 0 
0.15 0 
0.15125 0 
0.1525 0 
0.15375 0 
0.155 0 
0.15625 0 
0.1575 0 
0.15875 0 
0.16 0 
0.16125 0 
0.1625 0 
0.16375 0 
0.165 0 
0.16625 0 
0.1675 0 
0.16875 0 
0.17 0 
0.17125 0 
0.1725 0 
0.17375 0 
0.175 0 
0.17625 0 
0.1775 0 
0.17875 0 
0.18 0 
0.18125 0 
0.1825 0 
0.18375 0 
0.185 0 
0.18625 0 
0.1875 0 
0.18875 0 
0.19 0 
0.19125 0 
0.1925 0 
0.19375 0 
0.195 0 
0.19625 0 
0.1975 0 
0.19875 0 
0.2 0 
0.20125 0 
0.2025 0 
0.20375 0 
0.205 0 
0.20625 0 
0.2075 0 
0.20875 0 
0.21 0 
0.21125 0 
0.2125 0 
0.21375 0 
0.215 0 
0.21625 0 
0.2175 0 
0.21875 0 
0.22 0 
0.22125 0 
0.2225 0 
0.22375 0 
0.225 0 
0.22625 0 
0.2275 0 
0.22875 0 
0.23 0 
0.23125 0 
0.2325 0 
0.23375 0 
0.235 0 
0.23625 0 
0.2375 0 
0.23875 0 
0.24 0 
0.24125 0 
0.2425 0 
0.24375 0 
0.245 0 
0.24625 0 
0.2475 0 
0.24875 0 
0.25 0 
0.25125 0 
0.2525 0 
0.25375 0 
0.255 0 
0.25625 0 
0.2575 0 
0.25875 0 
0.26 0 
0.26125 0 
0.2625 0 
0.26375 0 
0.265 0 
0.26625 0 
0.2675 0 
0.26875 0 
0.27 0 
0.27125 0 
0.2725 0 
0.27375 0 
0.275 0 
0.27625 0 
0.2775 0 
0.27875 0 
0.28 0 
0.28125 0 
0.2825 0 
0.28375 0 
0.285 0 
0.28625 0 
0.2875 0 
0.28875 0 
0.29 0 
0.29125 0 
0.2925 0 
0.29375 0 
0.295 0 
0.29625 0 
0.2975 0 
0.29875 0 
0.3 0 
0.30125 0 
0.3025 0 
0.30375 0 
0.305 0 
0.30625 0 
0.3075 0 
0.30875 0 
0.31 0 
0.31125 0 
0.3125 0 
0.31375 0 
0.315 0 
0.31625 0 
0.3175 0 
0.31875 0 
0.32 0 
0.32125 0 
0.3225 0 
0.32375 0 
0.325 0 
0.32625 0 
0.3275 0 
0.32875 0 
0.33 0 
0.33125 0 
0.3325 0 
0.33375 0 
0.335 0 
0.33625 0 
0.3375 0 
0.33875 0 
0.34 0 
0.34125 0 
0.3425 0 
0.34375 0 
0.345 0 
0.34625 0 
0.3475 0 
0.34875 0 
0.35 0 
0.35125 0 
0.3525 0 
0.35375 0 
0.355 0 
0.35625 0 
0.3575 0 
0.35875 0 
0.36 0 
0.36125 0 
0.3625 0 
0.36375 0 
0.365 0 
0.36625 0 
0.3675 0 
0.36875 0 
0.37 0 
0.37125 0 
0.3725 0 
0.37375 0 
0.375 0 
0.37625 0 
0.3775 0 
0.37875 0 
0.38 0 
0.38125 0 
0.3825 0 
0.38375 0 
0.385 0 
0.38625 0 
0.3875 0 
0.38875 0 
0.39 0 
0.39125 0 
0.3925 0 
0.39375 0 
0.395 0 
0.39625 0 
0.3975 0 
0.39875 0 
0.4 0 
0.40125 0 
0.4025 0 
0.40375 0 
0.405 0 
0.40625 0 
0.4075 0 
0.40875 0 
0.41 0 
0.41125 0 
0.4125 0 
0.41375 0 
0.415 0 
0.41625 0 
0.4175 0 
0.41875 0 
0.42 0 
0.42125 0 
0.4225 0 
0.42375 0 
0.425 0 
0.42625 0 
0.4275 0 
0.42875 0 
0.43 0 
0.43125 0 
0.4325 0 
0.43375 0 
0.435 0 
0.43625 0 
0.4375 0 
0.43875 0 
0.44 0 
0.44125 0 
0.4425 0 
0.44375 0 
0.445 0 
0.44625 0 
0.4475 0 
0.44875 0 
0.45 0 
0.45125 0 
0.4525 0 
0.45375 0 
0.455 0 
0.45625 0 
0.4575 0 
0.45875 0 
0.46 0 
0.46125 0 
0.4625 0 
0.46375 0 
0.465 0 
0.46625 0 
0.4675 0 
0.46875 0 
0.47 0 
0.47125 0 
0.4725 0 
0.47375 0 
0.475 0 
0.47625 0 
0.4775 0 
0.47875 0 
0.48 0 
0.48125 0 
0.4825 0 
0.48375 0 
0.485 0 
0.48625 0 
0.4875 0 
0.48875 0 
0.49 0 
0.49125 0 
0.4925 0 
0.49375 0 
0.495 0 
0.49625 0 
0.4975 0 
0.49875 0 
0.5 0 


0.5 0 
0.50125 0.0207984 
0.5025 0.0349086 
0.50375 0.0433522 
0.505 0.0470533 
0.50625 0.0468454 
0.5075 0.0434772 
0.50875 0.0376186 
0.51 0.029866 
0.51125 0.0207476 
0.5125 0.0107283 
0.51375 0.000214367 
0.515 -0.0104419 
0.51625 -0.0209382 
0.5175 -0.031018 
0.51875 -0.0404668 
0.52 -0.0491087 
0.52125 -0.0568026 
0.5225 -0.0634396 
0.52375 -0.0689395 
0.525 -0.0732482 
0.52625 -0.0763349 
0.5275 -0.0781897 
0.52875 -0.0788212 
0.53 -0.0782543 
0.53125 -0.0765283 
0.5325 -0.0736947 
0.53375 -0.0698154 
0.535 -0.0649617 
0.53625 -0.0592116 
0.5375 -0.0526497 
0.53875 -0.0453646 
0.54 -0.0374488 
0.54125 -0.0289967 
0.5425 -0.0201042 
0.54375 -0.0108674 
0.545 -0.00138209 
0.54625 0.00825748 
0.5475 0.0179589 
0.54875 0.0276323 
0.55 0.037191 
0.55125 0.0465519 
0.5525 0.0556359 
0.55375 0.0643684 
0.555 0.0726795 
0.55625 0.0805041 
0.5575 0.0877823 
0.55875 0.0944597 
0.56 0.100487 
0.56125 0.105821 
0.5625 0.110424 
0.56375 0.114264 
0.565 0.117313 
0.56625 0.11955 
0.5675 0.120961 
0.56875 0.121534 
0.57 0.121265 
0.57125 0.120153 
0.5725 0.118204 
0.57375 0.115428 
0.575 0.111839 
0.57625 0.107455 
0.5775 0.102301 
0.57875 0.0964021 
0.58 0.0897903 
0.58125 0.0824996 
0.5825 0.0745676 
0.58375 0.0660348 
0.585 0.0569447 
0.58625 0.0473431 
0.5875 0.0372783 
0.58875 0.0268003 
0.59 0.0159612 
0.59125 0.00481452 
0.5925 -0.00658508 
0.59375 -0.0181818 
0.595 -0.029919 
0.59625 -0.0417397 
0.5975 -0.0535864 
0.59875 -0.0654016 
0.6 -0.0771278 
0.60125 -0.0887081 
0.6025 -0.100086 
0.60375 -0.111205 
0.605 -0.122011 
0.60625 -0.132451 
0.6075 -0.142471 
0.60875 -0.152021 
0.61 -0.161051 
0.61125 -0.169513 
0.6125 -0.177362 
0.61375 -0.184555 
0.615 -0.191049 
0.61625 -0.196805 
0.6175 -0.201787 
0.61875 -0.205959 
0.62 -0.20929 
0.62125 -0.21175 
0.6225 -0.213312 
0.62375 -0.213953 
0.625 -0.213651 
0.62625 -0.212388 
0.6275 -0.210148 
0.62875 -0.206918 
0.63 -0.202689 
0.63125 -0.197453 
0.6325 -0.191206 
0.63375 -0.183947 
0.635 -0.175677 
0.63625 -0.166401 
0.6375 -0.156126 
0.63875 -0.144861 
0.64 -0.132619 
0.64125 -0.119416 
0.6425 -0.105268 
0.64375 -0.0901961 
0.645 -0.0742229 
0.64625 -0.0573734 
0.6475 -0.0396748 
0.64875 -0.0211567 
0.65 -0.0018504 
0.65125 0.0182103 
0.6525 0.0389901 
0.65375 0.0604515 
0.655 0.0825556 
0.65625 0.105262 
0.6575 0.128528 
0.65875 0.152311 
0.66 0.176565 
0.66125 0.201245 
0.6625 0.226304 
0.66375 0.251694 
0.665 0.277367 
0.66625 0.303272 
0.6675 0.329361 
0.66875 0.355582 
0.67 0.381886 
0.67125 0.40822 
0.6725 0.434535 
0.67375 0.460779 
0.675 0.486901 
0.67625 0.512851 
0.6775 0.538579 
0.67875 0.564034 
0.68 0.589168 
0.68125 0.613933 
0.6825 0.63828 
0.68375 0.662163 
0.685 0.685536 
0.68625 0.708354 
0.6875 0.730574 
0.68875 0.752153 
0.69 0.773051 
0.69125 0.793228 
0.6925 0.812646 
0.69375 0.831269 
0.695 0.849062 
0.69625 0.865991 
0.6975 0.882026 
0.69875 0.897138 
0.7 0.911298 
0.70125 0.924481 
0.7025 0.936663 
0.70375 0.947823 
0.705 0.957941 
0.70625 0.967 
0.7075 0.974985 
0.70875 0.981881 
0.71 0.987679 
0.71125 0.992368 
0.7125 0.995943 
0.71375 0.998399 
0.715 0.999734 
0.71625 0.999946 
0.7175 0.999039 
0.71875 0.997015 
0.72 0.993882 
0.72125 0.989648 
0.7225 0.984323 
0.72375 0.977919 
0.725 0.970452 
0.72625 0.961937 
0.7275 0.952392 
0.72875 0.941838 
0.73 0.930298 
0.73125 0.917794 
0.7325 0.904353 
0.73375 0.890002 
0.735 0.874769 
0.73625 0.858686 
0.7375 0.841783 
0.73875 0.824094 
0.74 0.805655 
0.74125 0.7865 
0.7425 0.766666 
0.74375 0.746193 
0.745 0.725118 
0.74625 0.703482 
0.7475 0.681327 
0.74875 0.658693 
0.75 0.635623 
0.75125 0.612159 
0.7525 0.588347 
0.75375 0.564228 
0.755 0.539847 
0.75625 0.515249 
0.7575 0.490478 
0.75875 0.465578 
0.76 0.440595 
0.76125 0.415572 
0.7625 0.390553 
0.76375 0.365582 
0.765 0.340703 
0.76625 0.315958 
0.7675 0.29139 
0.76875 0.267039 
0.77 0.242948 
0.77125 0.219155 
0.7725 0.195701 
0.77375 0.172623 
0.775 0.149957 
0.77625 0.127741 
0.7775 0.106008 
0.77875 0.0847926 
0.78 0.0641258 
0.78125 0.0440387 
0.7825 0.0245603 
0.78375 0.0057184 
0.785 -0.0124611 
0.78625 -0.0299537 
0.7875 -0.0467366 
0.78875 -0.0627889 
0.79 -0.0780912 
0.79125 -0.092626 
0.7925 -0.106378 
0.79375 -0.119332 
0.795 -0.131478 
0.79625 -0.142805 
0.7975 -0.153304 
0.79875 -0.16297 
0.8 -0.171798 
0.80125 -0.179786 
0.8025 -0.186933 
0.80375 -0.193241 
0.805 -0.198713 
0.80625 -0.203354 
0.8075 -0.207172 
0.80875 -0.210175 
0.81 -0.212373 
0.81125 -0.213781 
0.8125 -0.214412 
0.81375 -0.214281 
0.815 -0.213408 
0.81625 -0.21181 
0.8175 -0.209509 
0.81875 -0.206528 
0.82 -0.20289 
0.82125 -0.198621 
0.8225 -0.193747 
0.82375 -0.188296 
0.825 -0.182298 
0.82625 -0.175781 
0.8275 -0.168779 
0.82875 -0.161323 
0.83 -0.153445 
0.83125 -0.14518 
0.8325 -0.136563 
0.83375 -0.127628 
0.835 -0.118412 
0.83625 -0.108949 
0.8375 -0.0992779 
0.83875 -0.0894337 
0.84 -0.0794536 
0.84125 -0.0693743 
0.8425 -0.0592326 
0.84375 -0.049065 
0.845 -0.0389077 
0.84625 -0.0287967 
0.8475 -0.0187672 
0.84875 -0.00885407 
0.85 0.000908545 
0.85125 0.0104873 
0.8525 0.0198498 
0.85375 0.0289645 
0.855 0.037801 
0.85625 0.0463301 
0.8575 0.0545237 
0.85875 0.0623551 
0.86 0.0697992 
0.86125 0.0768322 
0.8625 0.0834319 
0.86375 0.0895778 
0.865 0.0952511 
0.86625 0.100435 
0.8675 0.105114 
0.86875 0.109275 
0.87 0.112907 
0.87125 0.116 
0.8725 0.118547 
0.87375 0.120544 
0.875 0.121987 
0.87625 0.122874 
0.8775 0.123209 
0.87875 0.122992 
0.88 0.122232 
0.88125 0.120934 
0.8825 0.119109 
0.88375 0.116769 
0.885 0.113928 
0.88625 0.110602 
0.8875 0.106809 
0.88875 0.10257 
0.89 0.0979055 
0.89125 0.0928409 
0.8925 0.0874012 
0.89375 0.081614 
0.895 0.0755082 
0.89625 0.0691143 
0.8975 0.0624643 
0.89875 0.0555913 
0.9 0.0485297 
0.90125 0.0413149 
0.9025 0.0339833 
0.90375 0.026572 
0.905 0.0191187 
0.90625 0.0116615 
0.9075 0.00423896 
0.90875 -0.00311033 
0.91 -0.0103478 
0.91125 -0.0174352 
0.9125 -0.0243346 
0.91375 -0.0310085 
0.915 -0.0374207 
0.91625 -0.0435354 
0.9175 -0.0493184 
0.91875 -0.0547367 
0.92 -0.0597589 
0.92125 -0.0643555 
0.9225 -0.0684989 
0.92375 -0.0721638 
0.925 -0.0753272 
0.92625 -0.0779686 
0.9275 -0.0800706 
0.92875 -0.0816183 
0.93 -0.0826005 
0.93125 -0.0830088 
0.9325 -0.0828385 
0.93375 -0.0820887 
0.935 -0.0807619 
0.93625 -0.0788647 
0.9375 -0.0764077 
0.93875 -0.0734056 
0.94 -0.069877 
0.94125 -0.0658452 
0.9425 -0.0613372 
0.94375 -0.0563846 
0.945 -0.0510231 
0.94625 -0.0452926 
0.9475 -0.039237 
0.94875 -0.0329041 
0.95 -0.0263458 
0.95125 -0.0196173 
0.9525 -0.0127773 
0.95375 -0.0058875 
0.955 0.00098749 
0.95625 0.0077808 
0.9575 0.0144236 
0.95875 0.0208456 
0.96 0.0269757 
0.96125 0.0327424 
0.9625 0.0380747 
0.96375 0.0429028 
0.965 0.0471589 
0.96625 0.050778 
0.9675 0.0536992 
0.96875 0.0558667 
0.97 0.0572306 
0.97125 0.0577488 
0.9725 0.057388 
0.97375 0.0561251 
0.975 0.0539491 
0.97625 0.0508629 
0.9775 0.0468846 
0.97875 0.04205 
0.98 0.0364147 
0.98125 0.0300559 
0.9825 0.0230754 
0.98375 0.0156017 
0.985 0.00779297 
0.98625 -0.000160237 
0.9875 -0.00803174 
0.98875 -0.0155566 
0.99 -0.0224276 
0.99125 -0.0282919 
0.9925 -0.0327467 
0.99375 -0.0353356 
0.995 -0.0355442 
0.99625 -0.0327957 
0.9975 -0.0264459 
0.99875 -0.0157786 
1 0 


