# This file was generated by the deal.II library.
# Date =  2020/5/1
# Time =  12:51:31
#
# For a description of the GNUPLOT format see the GNUPLOT manual.
#
# <x> <phi_18> 
0 0 
0.00125 0 
0.0025 0 
0.00375 0 
0.005 0 
0.00625 0 
0.0075 0 
0.00875 0 
0.01 0 
0.01125 0 
0.0125 0 
0.01375 0 
0.015 0 
0.01625 0 
0.0175 0 
0.01875 0 
0.02 0 
0.02125 0 
0.0225 0 
0.02375 0 
0.025 0 
0.02625 0 
0.0275 0 
0.02875 0 
0.03 0 
0.03125 0 
0.0325 0 
0.03375 0 
0.035 0 
0.03625 0 
0.0375 0 
0.03875 0 
0.04 0 
0.04125 0 
0.0425 0 
0.04375 0 
0.045 0 
0.04625 0 
0.0475 0 
0.04875 0 
0.05 0 
0.05125 0 
0.0525 0 
0.05375 0 
0.055 0 
0.05625 0 
0.0575 0 
0.05875 0 
0.06 0 
0.06125 0 
0.0625 0 
0.06375 0 
0.065 0 
0.06625 0 
0.0675 0 
0.06875 0 
0.07 0 
0.07125 0 
0.0725 0 
0.07375 0 
0.075 0 
0.07625 0 
0.0775 0 
0.07875 0 
0.08 0 
0.08125 0 
0.0825 0 
0.08375 0 
0.085 0 
0.08625 0 
0.0875 0 
0.08875 0 
0.09 0 
0.09125 0 
0.0925 0 
0.09375 0 
0.095 0 
0.09625 0 
0.0975 0 
0.09875 0 
0.1 0 
0.10125 0 
0.1025 0 
0.10375 0 
0.105 0 
0.10625 0 
0.1075 0 
0.10875 0 
0.11 0 
0.11125 0 
0.1125 0 
0.11375 0 
0.115 0 
0.11625 0 
0.1175 0 
0.11875 0 
0.12 0 
0.12125 0 
0.1225 0 
0.12375 0 
0.125 0 
0.12625 0 
0.1275 0 
0.12875 0 
0.13 0 
0.13125 0 
0.1325 0 
0.13375 0 
0.135 0 
0.13625 0 
0.1375 0 
0.13875 0 
0.14 0 
0.14125 0 
0.1425 0 
0.14375 0 
0.145 0 
0.14625 0 
0.1475 0 
0.14875 0 
0.15 0 
0.15125 0 
0.1525 0 
0.15375 0 
0.155 0 
0.15625 0 
0.1575 0 
0.15875 0 
0.16 0 
0.16125 0 
0.1625 0 
0.16375 0 
0.165 0 
0.16625 0 
0.1675 0 
0.16875 0 
0.17 0 
0.17125 0 
0.1725 0 
0.17375 0 
0.175 0 
0.17625 0 
0.1775 0 
0.17875 0 
0.18 0 
0.18125 0 
0.1825 0 
0.18375 0 
0.185 0 
0.18625 0 
0.1875 0 
0.18875 0 
0.19 0 
0.19125 0 
0.1925 0 
0.19375 0 
0.195 0 
0.19625 0 
0.1975 0 
0.19875 0 
0.2 0 
0.20125 0 
0.2025 0 
0.20375 0 
0.205 0 
0.20625 0 
0.2075 0 
0.20875 0 
0.21 0 
0.21125 0 
0.2125 0 
0.21375 0 
0.215 0 
0.21625 0 
0.2175 0 
0.21875 0 
0.22 0 
0.22125 0 
0.2225 0 
0.22375 0 
0.225 0 
0.22625 0 
0.2275 0 
0.22875 0 
0.23 0 
0.23125 0 
0.2325 0 
0.23375 0 
0.235 0 
0.23625 0 
0.2375 0 
0.23875 0 
0.24 0 
0.24125 0 
0.2425 0 
0.24375 0 
0.245 0 
0.24625 0 
0.2475 0 
0.24875 0 
0.25 0 
0.25125 0 
0.2525 0 
0.25375 0 
0.255 0 
0.25625 0 
0.2575 0 
0.25875 0 
0.26 0 
0.26125 0 
0.2625 0 
0.26375 0 
0.265 0 
0.26625 0 
0.2675 0 
0.26875 0 
0.27 0 
0.27125 0 
0.2725 0 
0.27375 0 
0.275 0 
0.27625 0 
0.2775 0 
0.27875 0 
0.28 0 
0.28125 0 
0.2825 0 
0.28375 0 
0.285 0 
0.28625 0 
0.2875 0 
0.28875 0 
0.29 0 
0.29125 0 
0.2925 0 
0.29375 0 
0.295 0 
0.29625 0 
0.2975 0 
0.29875 0 
0.3 0 
0.30125 0 
0.3025 0 
0.30375 0 
0.305 0 
0.30625 0 
0.3075 0 
0.30875 0 
0.31 0 
0.31125 0 
0.3125 0 
0.31375 0 
0.315 0 
0.31625 0 
0.3175 0 
0.31875 0 
0.32 0 
0.32125 0 
0.3225 0 
0.32375 0 
0.325 0 
0.32625 0 
0.3275 0 
0.32875 0 
0.33 0 
0.33125 0 
0.3325 0 
0.33375 0 
0.335 0 
0.33625 0 
0.3375 0 
0.33875 0 
0.34 0 
0.34125 0 
0.3425 0 
0.34375 0 
0.345 0 
0.34625 0 
0.3475 0 
0.34875 0 
0.35 0 
0.35125 0 
0.3525 0 
0.35375 0 
0.355 0 
0.35625 0 
0.3575 0 
0.35875 0 
0.36 0 
0.36125 0 
0.3625 0 
0.36375 0 
0.365 0 
0.36625 0 
0.3675 0 
0.36875 0 
0.37 0 
0.37125 0 
0.3725 0 
0.37375 0 
0.375 0 
0.37625 0 
0.3775 0 
0.37875 0 
0.38 0 
0.38125 0 
0.3825 0 
0.38375 0 
0.385 0 
0.38625 0 
0.3875 0 
0.38875 0 
0.39 0 
0.39125 0 
0.3925 0 
0.39375 0 
0.395 0 
0.39625 0 
0.3975 0 
0.39875 0 
0.4 0 
0.40125 0 
0.4025 0 
0.40375 0 
0.405 0 
0.40625 0 
0.4075 0 
0.40875 0 
0.41 0 
0.41125 0 
0.4125 0 
0.41375 0 
0.415 0 
0.41625 0 
0.4175 0 
0.41875 0 
0.42 0 
0.42125 0 
0.4225 0 
0.42375 0 
0.425 0 
0.42625 0 
0.4275 0 
0.42875 0 
0.43 0 
0.43125 0 
0.4325 0 
0.43375 0 
0.435 0 
0.43625 0 
0.4375 0 
0.43875 0 
0.44 0 
0.44125 0 
0.4425 0 
0.44375 0 
0.445 0 
0.44625 0 
0.4475 0 
0.44875 0 
0.45 0 
0.45125 0 
0.4525 0 
0.45375 0 
0.455 0 
0.45625 0 
0.4575 0 
0.45875 0 
0.46 0 
0.46125 0 
0.4625 0 
0.46375 0 
0.465 0 
0.46625 0 
0.4675 0 
0.46875 0 
0.47 0 
0.47125 0 
0.4725 0 
0.47375 0 
0.475 0 
0.47625 0 
0.4775 0 
0.47875 0 
0.48 0 
0.48125 0 
0.4825 0 
0.48375 0 
0.485 0 
0.48625 0 
0.4875 0 
0.48875 0 
0.49 0 
0.49125 0 
0.4925 0 
0.49375 0 
0.495 0 
0.49625 0 
0.4975 0 
0.49875 0 
0.5 0 


0.5 0 
0.50125 -0.0097051 
0.5025 -0.0162444 
0.50375 -0.0201173 
0.505 -0.0217734 
0.50625 -0.0216157 
0.5075 -0.0200041 
0.50875 -0.0172585 
0.51 -0.0136619 
0.51125 -0.00946284 
0.5125 -0.00487857 
0.51375 -9.71886e-05 
0.515 0.00471979 
0.51625 0.00943526 
0.5175 0.0139343 
0.51875 0.0181225 
0.52 0.0219235 
0.52125 0.0252778 
0.5225 0.028141 
0.52375 0.0304817 
0.525 0.0322811 
0.52625 0.0335304 
0.5275 0.0342308 
0.52875 0.0343912 
0.53 0.0340278 
0.53125 0.0331631 
0.5325 0.0318244 
0.53375 0.0300436 
0.535 0.027856 
0.53625 0.0252996 
0.5375 0.0224146 
0.53875 0.0192427 
0.54 0.0158264 
0.54125 0.0122087 
0.5425 0.00843278 
0.54375 0.00454105 
0.545 0.000575297 
0.54625 -0.00342382 
0.5475 -0.00741707 
0.54875 -0.0113669 
0.55 -0.0152375 
0.55125 -0.0189953 
0.5525 -0.0226088 
0.55375 -0.0260488 
0.555 -0.0292887 
0.55625 -0.0323041 
0.5575 -0.0350733 
0.55875 -0.0375773 
0.56 -0.0397994 
0.56125 -0.0417258 
0.5625 -0.0433448 
0.56375 -0.0446478 
0.565 -0.0456281 
0.56625 -0.0462817 
0.5675 -0.0466069 
0.56875 -0.0466042 
0.57 -0.0462762 
0.57125 -0.0456277 
0.5725 -0.0446653 
0.57375 -0.0433975 
0.575 -0.0418345 
0.57625 -0.0399881 
0.5775 -0.0378717 
0.57875 -0.0354998 
0.58 -0.0328883 
0.58125 -0.0300544 
0.5825 -0.0270158 
0.58375 -0.0237914 
0.585 -0.0204008 
0.58625 -0.0168642 
0.5875 -0.0132022 
0.58875 -0.00943573 
0.59 -0.00558616 
0.59125 -0.00167484 
0.5925 0.00227677 
0.59375 0.00624734 
0.595 0.0102157 
0.59625 0.0141609 
0.5975 0.0180625 
0.59875 0.0219003 
0.6 0.0256549 
0.60125 0.0293074 
0.6025 0.0328394 
0.60375 0.0362337 
0.605 0.0394734 
0.60625 0.042543 
0.6075 0.0454276 
0.60875 0.0481135 
0.61 0.0505877 
0.61125 0.0528386 
0.6125 0.0548557 
0.61375 0.0566293 
0.615 0.0581512 
0.61625 0.0594141 
0.6175 0.0604122 
0.61875 0.0611406 
0.62 0.0615956 
0.62125 0.0617749 
0.6225 0.0616772 
0.62375 0.0613024 
0.625 0.0606517 
0.62625 0.0597273 
0.6275 0.0585325 
0.62875 0.0570717 
0.63 0.0553506 
0.63125 0.0533755 
0.6325 0.0511541 
0.63375 0.0486949 
0.635 0.0460073 
0.63625 0.0431016 
0.6375 0.0399889 
0.63875 0.0366811 
0.64 0.0331909 
0.64125 0.0295316 
0.6425 0.0257171 
0.64375 0.0217619 
0.645 0.0176812 
0.64625 0.0134903 
0.6475 0.00920523 
0.64875 0.00484216 
0.65 0.000417628 
0.65125 -0.00405161 
0.6525 -0.00854864 
0.65375 -0.0130564 
0.655 -0.0175579 
0.65625 -0.0220361 
0.6575 -0.0264739 
0.65875 -0.0308545 
0.66 -0.0351611 
0.66125 -0.0393775 
0.6625 -0.0434874 
0.66375 -0.0474749 
0.665 -0.0513248 
0.66625 -0.055022 
0.6675 -0.0585521 
0.66875 -0.0619012 
0.67 -0.0650559 
0.67125 -0.0680035 
0.6725 -0.070732 
0.67375 -0.0732301 
0.675 -0.0754871 
0.67625 -0.0774933 
0.6775 -0.0792398 
0.67875 -0.0807183 
0.68 -0.0819216 
0.68125 -0.0828432 
0.6825 -0.0834778 
0.68375 -0.0838207 
0.685 -0.0838684 
0.68625 -0.0836183 
0.6875 -0.0830685 
0.68875 -0.0822185 
0.69 -0.0810686 
0.69125 -0.07962 
0.6925 -0.0778749 
0.69375 -0.0758367 
0.695 -0.0735095 
0.69625 -0.0708984 
0.6975 -0.0680097 
0.69875 -0.0648505 
0.7 -0.0614286 
0.70125 -0.0577529 
0.7025 -0.0538334 
0.70375 -0.0496805 
0.705 -0.0453058 
0.70625 -0.0407215 
0.7075 -0.0359407 
0.70875 -0.030977 
0.71 -0.0258451 
0.71125 -0.0205599 
0.7125 -0.0151373 
0.71375 -0.00959354 
0.715 -0.00394551 
0.71625 0.00178944 
0.7175 0.00759351 
0.71875 0.0134485 
0.72 0.0193359 
0.72125 0.0252369 
0.7225 0.0311324 
0.72375 0.0370031 
0.725 0.0428297 
0.72625 0.0485925 
0.7275 0.0542723 
0.72875 0.0598493 
0.73 0.0653043 
0.73125 0.0706181 
0.7325 0.0757714 
0.73375 0.0807456 
0.735 0.0855222 
0.73625 0.0900829 
0.7375 0.0944102 
0.73875 0.0984868 
0.74 0.102296 
0.74125 0.105822 
0.7425 0.109048 
0.74375 0.111961 
0.745 0.114546 
0.74625 0.11679 
0.7475 0.11868 
0.74875 0.120206 
0.75 0.121356 
0.75125 0.12212 
0.7525 0.122491 
0.75375 0.122461 
0.755 0.122022 
0.75625 0.12117 
0.7575 0.119901 
0.75875 0.118211 
0.76 0.116099 
0.76125 0.113564 
0.7625 0.110608 
0.76375 0.10723 
0.765 0.103436 
0.76625 0.0992302 
0.7675 0.0946175 
0.76875 0.0896056 
0.77 0.0842031 
0.77125 0.0784199 
0.7725 0.0722672 
0.77375 0.0657574 
0.775 0.0589046 
0.77625 0.0517237 
0.7775 0.0442314 
0.77875 0.0364452 
0.78 0.0283842 
0.78125 0.0200685 
0.7825 0.0115196 
0.78375 0.00275986 
0.785 -0.00618693 
0.78625 -0.0152961 
0.7875 -0.0245417 
0.78875 -0.0338972 
0.79 -0.0433347 
0.79125 -0.0528256 
0.7925 -0.0623405 
0.79375 -0.071849 
0.795 -0.0813203 
0.79625 -0.0907227 
0.7975 -0.100024 
0.79875 -0.109191 
0.8 -0.118192 
0.80125 -0.126992 
0.8025 -0.135557 
0.80375 -0.143854 
0.805 -0.151848 
0.80625 -0.159505 
0.8075 -0.166792 
0.80875 -0.173673 
0.81 -0.180115 
0.81125 -0.186084 
0.8125 -0.191548 
0.81375 -0.196474 
0.815 -0.200828 
0.81625 -0.204581 
0.8175 -0.207702 
0.81875 -0.21016 
0.82 -0.211928 
0.82125 -0.212976 
0.8225 -0.21328 
0.82375 -0.212812 
0.825 -0.211551 
0.82625 -0.209472 
0.8275 -0.206554 
0.82875 -0.20278 
0.83 -0.19813 
0.83125 -0.192589 
0.8325 -0.186144 
0.83375 -0.178781 
0.835 -0.170491 
0.83625 -0.161266 
0.8375 -0.1511 
0.83875 -0.139991 
0.84 -0.127936 
0.84125 -0.114937 
0.8425 -0.100998 
0.84375 -0.0861252 
0.845 -0.070327 
0.84625 -0.0536148 
0.8475 -0.0360027 
0.84875 -0.0175072 
0.85 0.00185231 
0.85125 0.0220539 
0.8525 0.0430729 
0.85375 0.0648818 
0.855 0.0874504 
0.85625 0.110746 
0.8575 0.134733 
0.85875 0.159373 
0.86 0.184625 
0.86125 0.210446 
0.8625 0.236789 
0.86375 0.263606 
0.865 0.290846 
0.86625 0.318455 
0.8675 0.346378 
0.86875 0.374556 
0.87 0.402929 
0.87125 0.431436 
0.8725 0.460012 
0.87375 0.488591 
0.875 0.517105 
0.87625 0.545486 
0.8775 0.573662 
0.87875 0.601563 
0.88 0.629115 
0.88125 0.656245 
0.8825 0.682878 
0.88375 0.70894 
0.885 0.734355 
0.88625 0.759049 
0.8875 0.782945 
0.88875 0.805969 
0.89 0.828047 
0.89125 0.849105 
0.8925 0.869071 
0.89375 0.887874 
0.895 0.905444 
0.89625 0.921714 
0.8975 0.936617 
0.89875 0.950091 
0.9 0.962075 
0.90125 0.972512 
0.9025 0.981346 
0.90375 0.988527 
0.905 0.994007 
0.90625 0.997744 
0.9075 0.999697 
0.90875 0.999834 
0.91 0.998124 
0.91125 0.994544 
0.9125 0.989074 
0.91375 0.981702 
0.915 0.97242 
0.91625 0.961227 
0.9175 0.948129 
0.91875 0.933138 
0.92 0.916273 
0.92125 0.897561 
0.9225 0.877033 
0.92375 0.854732 
0.925 0.830706 
0.92625 0.80501 
0.9275 0.777709 
0.92875 0.748875 
0.93 0.718586 
0.93125 0.686931 
0.9325 0.654004 
0.93375 0.61991 
0.935 0.584759 
0.93625 0.548671 
0.9375 0.511771 
0.93875 0.474192 
0.94 0.436076 
0.94125 0.397569 
0.9425 0.358825 
0.94375 0.320003 
0.945 0.281268 
0.94625 0.242789 
0.9475 0.20474 
0.94875 0.167298 
0.95 0.130642 
0.95125 0.0949558 
0.9525 0.0604205 
0.95375 0.0272192 
0.955 -0.00446675 
0.95625 -0.0344584 
0.9575 -0.0625806 
0.95875 -0.0886631 
0.96 -0.112543 
0.96125 -0.134065 
0.9625 -0.153084 
0.96375 -0.169467 
0.965 -0.183097 
0.96625 -0.193869 
0.9675 -0.201701 
0.96875 -0.20653 
0.97 -0.208316 
0.97125 -0.207047 
0.9725 -0.20274 
0.97375 -0.195443 
0.975 -0.185243 
0.97625 -0.172264 
0.9775 -0.156674 
0.97875 -0.138687 
0.98 -0.118571 
0.98125 -0.096646 
0.9825 -0.0732949 
0.98375 -0.0489644 
0.985 -0.0241715 
0.98625 0.000491317 
0.9875 0.0243506 
0.98875 0.0466461 
0.99 0.0665243 
0.99125 0.0830322 
0.9925 0.0951106 
0.99375 0.101587 
0.995 0.101168 
0.99625 0.0924314 
0.9975 0.0738193 
0.99875 0.0436279 
1 0 


