  Domain:                                    (0, 1) x (0, 1)        
  Root mesh:                                 3 x 3        
  Number of root cells:                      9        
  Number of active cells:                    36        
[1, 1, 1, 0, 1, 0, 1, 0, 0, 1, 0, 0, 1, 0, 0, 1, 0, 1, 0, 0, 0, 0, 0, 0, 0, 1, 0, 0, 1, 0, 0, 1, 0, 0, 1, 0, 0, 0, 0, 0, 0, 0, 0, 0, 0, 1, 0, 0, 1, 0, 0, 1, 1, 1, 1, 0, 0, 0, 0, 0, 0, 1, 1, 0, 0, 1, 0, 1, 0, 0, 0, 0, 0, 0, 0, 1, 0, 1, 0, 0, 0, 0, 0, 0, 0, 0, 0, 0, 0, 0, 0, 0, 0, 0, 0, 0, 0, 0, 0, 0, 0, 0, 0, 0, 0, 1, 1, 0, 0, 0, 0, 0, 0, 1, 1, 0, 0, 1, 0, 1, 0, 0, 0, 0, 0, 0, 0, 1, 1, 1, 0, 1, 0, 1, 0, 1, 0, 0, 0, 0, 0, 0, 0, 0, 0, 1, 0, 1, 0, 1, 0, 1, 0, 0, 0, 0, 0, 1, 1, 0, 0, 1, 0, 1, 0, 1, 1, 1, 0]
generalized eigenvalues for AEx = Ax, i.e. eigenvalues of error propagation E in A-induced inner product:
(NOTE From left to right means from high- to low-frequency modes)
[-9.0800e-01, -9.0800e-01, -9.0800e-01, -9.0800e-01, -9.0800e-01, -9.0800e-01, -9.0800e-01, -9.0800e-01, -9.0800e-01, -9.0800e-01, -9.0800e-01, -9.0800e-01, -9.0800e-01, -9.0800e-01, -9.0800e-01, -9.0800e-01, -1.7136e-01, -1.7072e-01, -1.4148e-01, -1.4148e-01, -1.2741e-01, -1.2741e-01, -1.1792e-01, -1.0962e-01, -1.0806e-01, -9.1526e-02, -8.0125e-02, -7.7255e-02, -7.7255e-02, -6.9496e-02, -6.5148e-02, -6.5148e-02, -6.0971e-02, -5.8493e-02, -5.8493e-02, -5.0762e-02, -3.6208e-02, -3.5692e-02, -3.5692e-02, -3.2675e-02, 1.1334e-02, 4.6000e-02, 4.6000e-02, 4.6000e-02, 4.6000e-02, 4.6000e-02, 4.6000e-02, 4.6000e-02, 4.6000e-02, 4.6000e-02, 4.6000e-02, 4.6000e-02, 4.6000e-02, 4.6000e-02, 4.6000e-02, 4.6000e-02, 4.6000e-02, 7.2131e-02, 7.2131e-02, 1.3594e-01, 1.3751e-01, 1.4643e-01, 1.8391e-01, 1.8391e-01, 2.2953e-01, 2.2953e-01, 2.8903e-01, 2.8980e-01, 3.2700e-01, 3.4816e-01, 3.6873e-01, 3.6873e-01, 3.9348e-01, 3.9348e-01, 3.9905e-01, 4.0313e-01, 4.0503e-01, 4.3646e-01, 4.3646e-01, 4.4981e-01, 4.4981e-01, 4.6092e-01, 4.6516e-01, 4.6583e-01, 4.7874e-01, 4.8066e-01, 4.8223e-01, 4.8223e-01, 4.9023e-01, 4.9031e-01, 4.9256e-01, 4.9256e-01, 5.1290e-01, 5.1323e-01, 5.2300e-01, 5.2300e-01, 5.2300e-01, 5.2300e-01, 5.2300e-01, 5.2318e-01, 5.2318e-01, 5.2329e-01, 5.2330e-01, 5.3813e-01, 5.3813e-01, 5.5362e-01, 5.5362e-01, 5.6079e-01, 5.6354e-01, 5.7384e-01, 5.7844e-01, 5.9414e-01, 5.9414e-01, 6.0393e-01, 6.0393e-01, 6.6778e-01, 6.6841e-01, 7.0681e-01, 7.9662e-01, 7.9662e-01, 9.0884e-01]

visualize generalized eigenvectors Q...
visualize A-mapped eigenvectors AQ...
